# t x rho u p M A P
   0.00000000000000E+000    0.00000000000000E+000    1.22500000000000E+000   -0.00000000000000E+000    1.01325000000000E+005   -0.00000000000000E+000    1.00000000000000E+000    3.54490770181103E+000
   0.00000000000000E+000    4.27135678391960E-002    1.22500000000000E+000   -0.00000000000000E+000    1.01325000000000E+005   -0.00000000000000E+000    1.00000000000000E+000    3.54490770181103E+000
   0.00000000000000E+000    8.54271356783920E-002    1.22500000000000E+000   -0.00000000000000E+000    1.01325000000000E+005   -0.00000000000000E+000    1.00000000000000E+000    3.54490770181103E+000
   0.00000000000000E+000    1.28140703517588E-001    1.22500000000000E+000    0.00000000000000E+000    1.01325000000000E+005    0.00000000000000E+000    1.00000000000000E+000    3.54490770181103E+000
   0.00000000000000E+000    1.70854271356784E-001    1.22500000000000E+000    0.00000000000000E+000    1.01325000000000E+005    0.00000000000000E+000    1.00000000000000E+000    3.54490770181103E+000
   0.00000000000000E+000    2.13567839195980E-001    1.22500000000000E+000    0.00000000000000E+000    1.01325000000000E+005    0.00000000000000E+000    1.00000000000000E+000    3.54490770181103E+000
   0.00000000000000E+000    2.56281407035176E-001    1.22500000000000E+000    0.00000000000000E+000    1.01325000000000E+005    0.00000000000000E+000    1.00000000000000E+000    3.54490770181103E+000
   0.00000000000000E+000    2.98994974874372E-001    1.22500000000000E+000    0.00000000000000E+000    1.01325000000000E+005    0.00000000000000E+000    1.00000000000000E+000    3.54490770181103E+000
   0.00000000000000E+000    3.41708542713568E-001    1.22500000000000E+000    0.00000000000000E+000    1.01325000000000E+005    0.00000000000000E+000    1.00000000000000E+000    3.54490770181103E+000
   0.00000000000000E+000    3.84422110552764E-001    1.22500000000000E+000    0.00000000000000E+000    1.01325000000000E+005    0.00000000000000E+000    1.00000000000000E+000    3.54490770181103E+000
   0.00000000000000E+000    4.27135678391960E-001    1.22500000000000E+000    0.00000000000000E+000    1.01325000000000E+005    0.00000000000000E+000    1.00000000000000E+000    3.54490770181103E+000
   0.00000000000000E+000    4.69849246231156E-001    1.22500000000000E+000    0.00000000000000E+000    1.01325000000000E+005    0.00000000000000E+000    1.00000000000000E+000    3.54490770181103E+000
   0.00000000000000E+000    5.12562814070352E-001    1.22500000000000E+000    0.00000000000000E+000    1.01325000000000E+005    0.00000000000000E+000    1.00000000000000E+000    3.54490770181103E+000
   0.00000000000000E+000    5.55276381909548E-001    1.22500000000000E+000    0.00000000000000E+000    1.01325000000000E+005    0.00000000000000E+000    1.00000000000000E+000    3.54490770181103E+000
   0.00000000000000E+000    5.97989949748744E-001    1.22500000000000E+000    0.00000000000000E+000    1.01325000000000E+005    0.00000000000000E+000    1.00000000000000E+000    3.54490770181103E+000
   0.00000000000000E+000    6.40703517587940E-001    1.22500000000000E+000    0.00000000000000E+000    1.01325000000000E+005    0.00000000000000E+000    1.00000000000000E+000    3.54490770181103E+000
   0.00000000000000E+000    6.83417085427136E-001    1.22500000000000E+000    0.00000000000000E+000    1.01325000000000E+005    0.00000000000000E+000    1.00000000000000E+000    3.54490770181103E+000
   0.00000000000000E+000    7.26130653266332E-001    1.22500000000000E+000    0.00000000000000E+000    1.01325000000000E+005    0.00000000000000E+000    1.00000000000000E+000    3.54490770181103E+000
   0.00000000000000E+000    7.68844221105528E-001    1.22500000000000E+000    0.00000000000000E+000    1.01325000000000E+005    0.00000000000000E+000    1.00000000000000E+000    3.54490770181103E+000
   0.00000000000000E+000    8.11557788944724E-001    1.22500000000000E+000    0.00000000000000E+000    1.01325000000000E+005    0.00000000000000E+000    1.00000000000000E+000    3.54490770181103E+000
   0.00000000000000E+000    8.54271356783920E-001    1.22500000000000E+000    0.00000000000000E+000    1.01325000000000E+005    0.00000000000000E+000    1.00000000000000E+000    3.54490770181103E+000
   0.00000000000000E+000    8.96984924623116E-001    1.22500000000000E+000    0.00000000000000E+000    1.01325000000000E+005    0.00000000000000E+000    1.00000000000000E+000    3.54490770181103E+000
   0.00000000000000E+000    9.39698492462312E-001    1.22500000000000E+000    0.00000000000000E+000    1.01325000000000E+005    0.00000000000000E+000    1.00000000000000E+000    3.54490770181103E+000
   0.00000000000000E+000    9.82412060301508E-001    1.22500000000000E+000    0.00000000000000E+000    1.01325000000000E+005    0.00000000000000E+000    1.00000000000000E+000    3.54490770181103E+000
   0.00000000000000E+000    1.02512562814070E+000    1.22500000000000E+000    0.00000000000000E+000    1.01325000000000E+005    0.00000000000000E+000    1.00000000000000E+000    3.54490770181103E+000
   0.00000000000000E+000    1.06783919597990E+000    1.22500000000000E+000    0.00000000000000E+000    1.01325000000000E+005    0.00000000000000E+000    1.00000000000000E+000    3.54490770181103E+000
   0.00000000000000E+000    1.11055276381910E+000    1.22500000000000E+000    0.00000000000000E+000    1.01325000000000E+005    0.00000000000000E+000    1.00000000000000E+000    3.54490770181103E+000
   0.00000000000000E+000    1.15326633165829E+000    1.22500000000000E+000    0.00000000000000E+000    1.01325000000000E+005    0.00000000000000E+000    1.00000000000000E+000    3.54490770181103E+000
   0.00000000000000E+000    1.19597989949749E+000    1.22500000000000E+000    0.00000000000000E+000    1.01325000000000E+005    0.00000000000000E+000    1.00000000000000E+000    3.54490770181103E+000
   0.00000000000000E+000    1.23869346733668E+000    1.22500000000000E+000    0.00000000000000E+000    1.01325000000000E+005    0.00000000000000E+000    1.00000000000000E+000    3.54490770181103E+000
   0.00000000000000E+000    1.28140703517588E+000    1.22500000000000E+000    0.00000000000000E+000    1.01325000000000E+005    0.00000000000000E+000    1.00000000000000E+000    3.54490770181103E+000
   0.00000000000000E+000    1.32412060301508E+000    1.22500000000000E+000    0.00000000000000E+000    1.01325000000000E+005    0.00000000000000E+000    1.00000000000000E+000    3.54490770181103E+000
   0.00000000000000E+000    1.36683417085427E+000    1.22500000000000E+000    0.00000000000000E+000    1.01325000000000E+005    0.00000000000000E+000    1.00000000000000E+000    3.54490770181103E+000
   0.00000000000000E+000    1.40954773869347E+000    1.22500000000000E+000    0.00000000000000E+000    1.01325000000000E+005    0.00000000000000E+000    1.00000000000000E+000    3.54490770181103E+000
   0.00000000000000E+000    1.45226130653266E+000    1.22500000000000E+000    0.00000000000000E+000    1.01325000000000E+005    0.00000000000000E+000    1.00000000000000E+000    3.54490770181103E+000
   0.00000000000000E+000    1.49497487437186E+000    1.22500000000000E+000    0.00000000000000E+000    1.01325000000000E+005    0.00000000000000E+000    1.00000000000000E+000    3.54490770181103E+000
   0.00000000000000E+000    1.53768844221106E+000    1.22500000000000E+000    0.00000000000000E+000    1.01325000000000E+005    0.00000000000000E+000    1.00000000000000E+000    3.54490770181103E+000
   0.00000000000000E+000    1.58040201005025E+000    1.22500000000000E+000    0.00000000000000E+000    1.01325000000000E+005    0.00000000000000E+000    1.00000000000000E+000    3.54490770181103E+000
   0.00000000000000E+000    1.62311557788945E+000    1.22500000000000E+000    0.00000000000000E+000    1.01325000000000E+005    0.00000000000000E+000    1.00000000000000E+000    3.54490770181103E+000
   0.00000000000000E+000    1.66582914572864E+000    1.22500000000000E+000    0.00000000000000E+000    1.01325000000000E+005    0.00000000000000E+000    1.00000000000000E+000    3.54490770181103E+000
   0.00000000000000E+000    1.70854271356784E+000    1.22500000000000E+000    0.00000000000000E+000    1.01325000000000E+005    0.00000000000000E+000    1.00000000000000E+000    3.54490770181103E+000
   0.00000000000000E+000    1.75125628140704E+000    1.22500000000000E+000    0.00000000000000E+000    1.01325000000000E+005    0.00000000000000E+000    1.00000000000000E+000    3.54490770181103E+000
   0.00000000000000E+000    1.79396984924623E+000    1.22500000000000E+000    0.00000000000000E+000    1.01325000000000E+005    0.00000000000000E+000    1.00000000000000E+000    3.54490770181103E+000
   0.00000000000000E+000    1.83668341708543E+000    1.22500000000000E+000    0.00000000000000E+000    1.01325000000000E+005    0.00000000000000E+000    1.00000000000000E+000    3.54490770181103E+000
   0.00000000000000E+000    1.87939698492462E+000    1.22500000000000E+000    0.00000000000000E+000    1.01325000000000E+005    0.00000000000000E+000    1.00000000000000E+000    3.54490770181103E+000
   0.00000000000000E+000    1.92211055276382E+000    1.22500000000000E+000    0.00000000000000E+000    1.01325000000000E+005    0.00000000000000E+000    1.00000000000000E+000    3.54490770181103E+000
   0.00000000000000E+000    1.96482412060302E+000    1.22500000000000E+000    0.00000000000000E+000    1.01325000000000E+005    0.00000000000000E+000    1.00000000000000E+000    3.54490770181103E+000
   0.00000000000000E+000    2.00753768844221E+000    1.22500000000000E+000    0.00000000000000E+000    1.01325000000000E+005    0.00000000000000E+000    1.00000000000000E+000    3.54490770181103E+000
   0.00000000000000E+000    2.05025125628141E+000    1.22500000000000E+000    0.00000000000000E+000    1.01325000000000E+005    0.00000000000000E+000    1.00000000000000E+000    3.54490770181103E+000
   0.00000000000000E+000    2.09296482412060E+000    1.22500000000000E+000    0.00000000000000E+000    1.01325000000000E+005    0.00000000000000E+000    1.00000000000000E+000    3.54490770181103E+000
   0.00000000000000E+000    2.13567839195980E+000    1.22500000000000E+000    0.00000000000000E+000    1.01325000000000E+005    0.00000000000000E+000    1.00000000000000E+000    3.54490770181103E+000
   0.00000000000000E+000    2.17839195979899E+000    1.22500000000000E+000    0.00000000000000E+000    1.01325000000000E+005    0.00000000000000E+000    1.00000000000000E+000    3.54490770181103E+000
   0.00000000000000E+000    2.22110552763819E+000    1.22500000000000E+000    0.00000000000000E+000    1.01325000000000E+005    0.00000000000000E+000    1.00000000000000E+000    3.54490770181103E+000
   0.00000000000000E+000    2.26381909547739E+000    1.22500000000000E+000    0.00000000000000E+000    1.01325000000000E+005    0.00000000000000E+000    1.00000000000000E+000    3.54490770181103E+000
   0.00000000000000E+000    2.30653266331658E+000    1.22500000000000E+000    0.00000000000000E+000    1.01325000000000E+005    0.00000000000000E+000    1.00000000000000E+000    3.54490770181103E+000
   0.00000000000000E+000    2.34924623115578E+000    1.22500000000000E+000    0.00000000000000E+000    1.01325000000000E+005    0.00000000000000E+000    1.00000000000000E+000    3.54490770181103E+000
   0.00000000000000E+000    2.39195979899497E+000    1.22500000000000E+000    0.00000000000000E+000    1.01325000000000E+005    0.00000000000000E+000    1.00000000000000E+000    3.54490770181103E+000
   0.00000000000000E+000    2.43467336683417E+000    1.22500000000000E+000    0.00000000000000E+000    1.01325000000000E+005    0.00000000000000E+000    1.00000000000000E+000    3.54490770181103E+000
   0.00000000000000E+000    2.47738693467337E+000    1.22500000000000E+000    0.00000000000000E+000    1.01325000000000E+005    0.00000000000000E+000    1.00000000000000E+000    3.54490770181103E+000
   0.00000000000000E+000    2.52010050251256E+000    1.22500000000000E+000    0.00000000000000E+000    1.01325000000000E+005    0.00000000000000E+000    1.00000000000000E+000    3.54490770181103E+000
   0.00000000000000E+000    2.56281407035176E+000    1.22500000000000E+000    0.00000000000000E+000    1.01325000000000E+005    0.00000000000000E+000    1.00000000000000E+000    3.54490770181103E+000
   0.00000000000000E+000    2.60552763819095E+000    1.22500000000000E+000    0.00000000000000E+000    1.01325000000000E+005    0.00000000000000E+000    1.00000000000000E+000    3.54490770181103E+000
   0.00000000000000E+000    2.64824120603015E+000    1.22500000000000E+000    0.00000000000000E+000    1.01325000000000E+005    0.00000000000000E+000    1.00000000000000E+000    3.54490770181103E+000
   0.00000000000000E+000    2.69095477386935E+000    1.22500000000000E+000    0.00000000000000E+000    1.01325000000000E+005    0.00000000000000E+000    1.00000000000000E+000    3.54490770181103E+000
   0.00000000000000E+000    2.73366834170854E+000    1.22500000000000E+000    0.00000000000000E+000    1.01325000000000E+005    0.00000000000000E+000    1.00000000000000E+000    3.54490770181103E+000
   0.00000000000000E+000    2.77638190954774E+000    1.22500000000000E+000    0.00000000000000E+000    1.01325000000000E+005    0.00000000000000E+000    1.00000000000000E+000    3.54490770181103E+000
   0.00000000000000E+000    2.81909547738693E+000    1.22500000000000E+000    0.00000000000000E+000    1.01325000000000E+005    0.00000000000000E+000    1.00000000000000E+000    3.54490770181103E+000
   0.00000000000000E+000    2.86180904522613E+000    1.22500000000000E+000    0.00000000000000E+000    1.01325000000000E+005    0.00000000000000E+000    1.00000000000000E+000    3.54490770181103E+000
   0.00000000000000E+000    2.90452261306533E+000    1.22500000000000E+000    0.00000000000000E+000    1.01325000000000E+005    0.00000000000000E+000    1.00000000000000E+000    3.54490770181103E+000
   0.00000000000000E+000    2.94723618090452E+000    1.22500000000000E+000    0.00000000000000E+000    1.01325000000000E+005    0.00000000000000E+000    1.00000000000000E+000    3.54490770181103E+000
   0.00000000000000E+000    2.98994974874372E+000    1.22500000000000E+000    0.00000000000000E+000    1.01325000000000E+005    0.00000000000000E+000    1.00000000000000E+000    3.54490770181103E+000
   0.00000000000000E+000    3.03266331658291E+000    1.22500000000000E+000    0.00000000000000E+000    1.01325000000000E+005    0.00000000000000E+000    1.00000000000000E+000    3.54490770181103E+000
   0.00000000000000E+000    3.07537688442211E+000    1.22500000000000E+000    0.00000000000000E+000    1.01325000000000E+005    0.00000000000000E+000    1.00000000000000E+000    3.54490770181103E+000
   0.00000000000000E+000    3.11809045226131E+000    1.22500000000000E+000    0.00000000000000E+000    1.01325000000000E+005    0.00000000000000E+000    1.00000000000000E+000    3.54490770181103E+000
   0.00000000000000E+000    3.16080402010050E+000    1.22500000000000E+000    0.00000000000000E+000    1.01325000000000E+005    0.00000000000000E+000    1.00000000000000E+000    3.54490770181103E+000
   0.00000000000000E+000    3.20351758793970E+000    1.22500000000000E+000    0.00000000000000E+000    1.01325000000000E+005    0.00000000000000E+000    1.00000000000000E+000    3.54490770181103E+000
   0.00000000000000E+000    3.24623115577889E+000    1.22500000000000E+000    0.00000000000000E+000    1.01325000000000E+005    0.00000000000000E+000    1.00000000000000E+000    3.54490770181103E+000
   0.00000000000000E+000    3.28894472361809E+000    1.22500000000000E+000    0.00000000000000E+000    1.01325000000000E+005    0.00000000000000E+000    1.00000000000000E+000    3.54490770181103E+000
   0.00000000000000E+000    3.33165829145729E+000    1.22500000000000E+000    0.00000000000000E+000    1.01325000000000E+005    0.00000000000000E+000    1.00000000000000E+000    3.54490770181103E+000
   0.00000000000000E+000    3.37437185929648E+000    1.22500000000000E+000    0.00000000000000E+000    1.01325000000000E+005    0.00000000000000E+000    1.00000000000000E+000    3.54490770181103E+000
   0.00000000000000E+000    3.41708542713568E+000    1.22500000000000E+000    0.00000000000000E+000    1.01325000000000E+005    0.00000000000000E+000    1.00000000000000E+000    3.54490770181103E+000
   0.00000000000000E+000    3.45979899497487E+000    1.22500000000000E+000    0.00000000000000E+000    1.01325000000000E+005    0.00000000000000E+000    1.00000000000000E+000    3.54490770181103E+000
   0.00000000000000E+000    3.50251256281407E+000    1.22500000000000E+000    0.00000000000000E+000    1.01325000000000E+005    0.00000000000000E+000    1.00000000000000E+000    3.54490770181103E+000
   0.00000000000000E+000    3.54522613065327E+000    1.22500000000000E+000    0.00000000000000E+000    1.01325000000000E+005    0.00000000000000E+000    1.00000000000000E+000    3.54490770181103E+000
   0.00000000000000E+000    3.58793969849246E+000    1.22500000000000E+000    0.00000000000000E+000    1.01325000000000E+005    0.00000000000000E+000    1.00000000000000E+000    3.54490770181103E+000
   0.00000000000000E+000    3.63065326633166E+000    1.22500000000000E+000    0.00000000000000E+000    1.01325000000000E+005    0.00000000000000E+000    1.00000000000000E+000    3.54490770181103E+000
   0.00000000000000E+000    3.67336683417085E+000    1.22500000000000E+000    0.00000000000000E+000    1.01325000000000E+005    0.00000000000000E+000    1.00000000000000E+000    3.54490770181103E+000
   0.00000000000000E+000    3.71608040201005E+000    1.22500000000000E+000    0.00000000000000E+000    1.01325000000000E+005    0.00000000000000E+000    1.00000000000000E+000    3.54490770181103E+000
   0.00000000000000E+000    3.75879396984925E+000    1.22500000000000E+000    0.00000000000000E+000    1.01325000000000E+005    0.00000000000000E+000    1.00000000000000E+000    3.54490770181103E+000
   0.00000000000000E+000    3.80150753768844E+000    1.22500000000000E+000    0.00000000000000E+000    1.01325000000000E+005    0.00000000000000E+000    1.00000000000000E+000    3.54490770181103E+000
   0.00000000000000E+000    3.84422110552764E+000    1.22500000000000E+000    0.00000000000000E+000    1.01325000000000E+005    0.00000000000000E+000    1.00000000000000E+000    3.54490770181103E+000
   0.00000000000000E+000    3.88693467336683E+000    1.22500000000000E+000    0.00000000000000E+000    1.01325000000000E+005    0.00000000000000E+000    1.00000000000000E+000    3.54490770181103E+000
   0.00000000000000E+000    3.92964824120603E+000    1.22500000000000E+000    0.00000000000000E+000    1.01325000000000E+005    0.00000000000000E+000    1.00000000000000E+000    3.54490770181103E+000
   0.00000000000000E+000    3.97236180904523E+000    1.22500000000000E+000    0.00000000000000E+000    1.01325000000000E+005    0.00000000000000E+000    1.00000000000000E+000    3.54490770181103E+000
   0.00000000000000E+000    4.01507537688442E+000    1.22500000000000E+000    0.00000000000000E+000    1.01325000000000E+005    0.00000000000000E+000    1.00000000000000E+000    3.54490770181103E+000
   0.00000000000000E+000    4.05778894472362E+000    1.22500000000000E+000    0.00000000000000E+000    1.01325000000000E+005    0.00000000000000E+000    1.00000000000000E+000    3.54490770181103E+000
   0.00000000000000E+000    4.10050251256281E+000    1.22500000000000E+000    0.00000000000000E+000    1.01325000000000E+005    0.00000000000000E+000    1.00000000000000E+000    3.54490770181103E+000
   0.00000000000000E+000    4.14321608040201E+000    1.22500000000000E+000    0.00000000000000E+000    1.01325000000000E+005    0.00000000000000E+000    1.00000000000000E+000    3.54490770181103E+000
   0.00000000000000E+000    4.18592964824121E+000    1.22500000000000E+000    0.00000000000000E+000    1.01325000000000E+005    0.00000000000000E+000    1.00000000000000E+000    3.54490770181103E+000
   0.00000000000000E+000    4.22864321608040E+000    1.22500000000000E+000    0.00000000000000E+000    1.01325000000000E+005    0.00000000000000E+000    1.00000000000000E+000    3.54490770181103E+000
   0.00000000000000E+000    4.27135678391960E+000    1.22500000000000E+000    0.00000000000000E+000    1.01325000000000E+005    0.00000000000000E+000    1.00000000000000E+000    3.54490770181103E+000
   0.00000000000000E+000    4.31407035175879E+000    1.22500000000000E+000    0.00000000000000E+000    1.01325000000000E+005    0.00000000000000E+000    1.00000000000000E+000    3.54490770181103E+000
   0.00000000000000E+000    4.35678391959799E+000    1.22500000000000E+000    0.00000000000000E+000    1.01325000000000E+005    0.00000000000000E+000    1.00000000000000E+000    3.54490770181103E+000
   0.00000000000000E+000    4.39949748743719E+000    1.22500000000000E+000    0.00000000000000E+000    1.01325000000000E+005    0.00000000000000E+000    1.00000000000000E+000    3.54490770181103E+000
   0.00000000000000E+000    4.44221105527638E+000    1.22500000000000E+000    0.00000000000000E+000    1.01325000000000E+005    0.00000000000000E+000    1.00000000000000E+000    3.54490770181103E+000
   0.00000000000000E+000    4.48492462311558E+000    1.22500000000000E+000    0.00000000000000E+000    1.01325000000000E+005    0.00000000000000E+000    1.00000000000000E+000    3.54490770181103E+000
   0.00000000000000E+000    4.52763819095477E+000    1.22500000000000E+000    0.00000000000000E+000    1.01325000000000E+005    0.00000000000000E+000    1.00000000000000E+000    3.54490770181103E+000
   0.00000000000000E+000    4.57035175879397E+000    1.22500000000000E+000    0.00000000000000E+000    1.01325000000000E+005    0.00000000000000E+000    1.00000000000000E+000    3.54490770181103E+000
   0.00000000000000E+000    4.61306532663317E+000    1.22500000000000E+000    0.00000000000000E+000    1.01325000000000E+005    0.00000000000000E+000    1.00000000000000E+000    3.54490770181103E+000
   0.00000000000000E+000    4.65577889447236E+000    1.22500000000000E+000    0.00000000000000E+000    1.01325000000000E+005    0.00000000000000E+000    1.00000000000000E+000    3.54490770181103E+000
   0.00000000000000E+000    4.69849246231156E+000    1.22500000000000E+000    0.00000000000000E+000    1.01325000000000E+005    0.00000000000000E+000    1.00000000000000E+000    3.54490770181103E+000
   0.00000000000000E+000    4.74120603015075E+000    1.22500000000000E+000    0.00000000000000E+000    1.01325000000000E+005    0.00000000000000E+000    1.00000000000000E+000    3.54490770181103E+000
   0.00000000000000E+000    4.78391959798995E+000    1.22500000000000E+000    0.00000000000000E+000    1.01325000000000E+005    0.00000000000000E+000    1.00000000000000E+000    3.54490770181103E+000
   0.00000000000000E+000    4.82663316582915E+000    1.22500000000000E+000    0.00000000000000E+000    1.01325000000000E+005    0.00000000000000E+000    1.00000000000000E+000    3.54490770181103E+000
   0.00000000000000E+000    4.86934673366834E+000    1.22500000000000E+000    0.00000000000000E+000    1.01325000000000E+005    0.00000000000000E+000    1.00000000000000E+000    3.54490770181103E+000
   0.00000000000000E+000    4.91206030150754E+000    1.22500000000000E+000    0.00000000000000E+000    1.01325000000000E+005    0.00000000000000E+000    1.00000000000000E+000    3.54490770181103E+000
   0.00000000000000E+000    4.95477386934673E+000    1.22500000000000E+000    0.00000000000000E+000    1.01325000000000E+005    0.00000000000000E+000    1.00000000000000E+000    3.54490770181103E+000
   0.00000000000000E+000    4.99748743718593E+000    1.22500000000000E+000    0.00000000000000E+000    1.01325000000000E+005    0.00000000000000E+000    1.00000000000000E+000    3.54490770181103E+000
   0.00000000000000E+000    5.04020100502512E+000    1.22500000000000E+000    0.00000000000000E+000    1.01325000000000E+005    0.00000000000000E+000    1.00000000000000E+000    3.54490770181103E+000
   0.00000000000000E+000    5.08291457286432E+000    1.22500000000000E+000    0.00000000000000E+000    1.01325000000000E+005    0.00000000000000E+000    1.00000000000000E+000    3.54490770181103E+000
   0.00000000000000E+000    5.12562814070352E+000    1.22500000000000E+000    0.00000000000000E+000    1.01325000000000E+005    0.00000000000000E+000    1.00000000000000E+000    3.54490770181103E+000
   0.00000000000000E+000    5.16834170854271E+000    1.22500000000000E+000    0.00000000000000E+000    1.01325000000000E+005    0.00000000000000E+000    1.00000000000000E+000    3.54490770181103E+000
   0.00000000000000E+000    5.21105527638191E+000    1.22500000000000E+000    0.00000000000000E+000    1.01325000000000E+005    0.00000000000000E+000    1.00000000000000E+000    3.54490770181103E+000
   0.00000000000000E+000    5.25376884422111E+000    1.22500000000000E+000    0.00000000000000E+000    1.01325000000000E+005    0.00000000000000E+000    1.00000000000000E+000    3.54490770181103E+000
   0.00000000000000E+000    5.29648241206030E+000    1.22500000000000E+000    0.00000000000000E+000    1.01325000000000E+005    0.00000000000000E+000    1.00000000000000E+000    3.54490770181103E+000
   0.00000000000000E+000    5.33919597989950E+000    1.22500000000000E+000    0.00000000000000E+000    1.01325000000000E+005    0.00000000000000E+000    1.00000000000000E+000    3.54490770181103E+000
   0.00000000000000E+000    5.38190954773869E+000    1.22500000000000E+000    0.00000000000000E+000    1.01325000000000E+005    0.00000000000000E+000    1.00000000000000E+000    3.54490770181103E+000
   0.00000000000000E+000    5.42462311557789E+000    1.22500000000000E+000    0.00000000000000E+000    1.01325000000000E+005    0.00000000000000E+000    1.00000000000000E+000    3.54490770181103E+000
   0.00000000000000E+000    5.46733668341709E+000    1.22500000000000E+000    0.00000000000000E+000    1.01325000000000E+005    0.00000000000000E+000    1.00000000000000E+000    3.54490770181103E+000
   0.00000000000000E+000    5.51005025125628E+000    1.22500000000000E+000    0.00000000000000E+000    1.01325000000000E+005    0.00000000000000E+000    1.00000000000000E+000    3.54490770181103E+000
   0.00000000000000E+000    5.55276381909548E+000    1.22500000000000E+000    0.00000000000000E+000    1.01325000000000E+005    0.00000000000000E+000    1.00000000000000E+000    3.54490770181103E+000
   0.00000000000000E+000    5.59547738693467E+000    1.22500000000000E+000    0.00000000000000E+000    1.01325000000000E+005    0.00000000000000E+000    1.00000000000000E+000    3.54490770181103E+000
   0.00000000000000E+000    5.63819095477387E+000    1.22500000000000E+000    0.00000000000000E+000    1.01325000000000E+005    0.00000000000000E+000    1.00000000000000E+000    3.54490770181103E+000
   0.00000000000000E+000    5.68090452261306E+000    1.22500000000000E+000    0.00000000000000E+000    1.01325000000000E+005    0.00000000000000E+000    1.00000000000000E+000    3.54490770181103E+000
   0.00000000000000E+000    5.72361809045226E+000    1.22500000000000E+000    0.00000000000000E+000    1.01325000000000E+005    0.00000000000000E+000    1.00000000000000E+000    3.54490770181103E+000
   0.00000000000000E+000    5.76633165829146E+000    1.22500000000000E+000    0.00000000000000E+000    1.01325000000000E+005    0.00000000000000E+000    1.00000000000000E+000    3.54490770181103E+000
   0.00000000000000E+000    5.80904522613065E+000    1.22500000000000E+000    0.00000000000000E+000    1.01325000000000E+005    0.00000000000000E+000    1.00000000000000E+000    3.54490770181103E+000
   0.00000000000000E+000    5.85175879396985E+000    1.22500000000000E+000    0.00000000000000E+000    1.01325000000000E+005    0.00000000000000E+000    1.00000000000000E+000    3.54490770181103E+000
   0.00000000000000E+000    5.89447236180905E+000    1.22500000000000E+000    0.00000000000000E+000    1.01325000000000E+005    0.00000000000000E+000    1.00000000000000E+000    3.54490770181103E+000
   0.00000000000000E+000    5.93718592964824E+000    1.22500000000000E+000    0.00000000000000E+000    1.01325000000000E+005    0.00000000000000E+000    1.00000000000000E+000    3.54490770181103E+000
   0.00000000000000E+000    5.97989949748744E+000    1.22500000000000E+000    0.00000000000000E+000    1.01325000000000E+005    0.00000000000000E+000    1.00000000000000E+000    3.54490770181103E+000
   0.00000000000000E+000    6.02261306532663E+000    1.22500000000000E+000    0.00000000000000E+000    1.01325000000000E+005    0.00000000000000E+000    1.00000000000000E+000    3.54490770181103E+000
   0.00000000000000E+000    6.06532663316583E+000    1.22500000000000E+000    0.00000000000000E+000    1.01325000000000E+005    0.00000000000000E+000    1.00000000000000E+000    3.54490770181103E+000
   0.00000000000000E+000    6.10804020100502E+000    1.22500000000000E+000    0.00000000000000E+000    1.01325000000000E+005    0.00000000000000E+000    1.00000000000000E+000    3.54490770181103E+000
   0.00000000000000E+000    6.15075376884422E+000    1.22500000000000E+000    0.00000000000000E+000    1.01325000000000E+005    0.00000000000000E+000    1.00000000000000E+000    3.54490770181103E+000
   0.00000000000000E+000    6.19346733668342E+000    1.22500000000000E+000    0.00000000000000E+000    1.01325000000000E+005    0.00000000000000E+000    1.00000000000000E+000    3.54490770181103E+000
   0.00000000000000E+000    6.23618090452261E+000    1.22500000000000E+000    0.00000000000000E+000    1.01325000000000E+005    0.00000000000000E+000    1.00000000000000E+000    3.54490770181103E+000
   0.00000000000000E+000    6.27889447236181E+000    1.22500000000000E+000    0.00000000000000E+000    1.01325000000000E+005    0.00000000000000E+000    1.00000000000000E+000    3.54490770181103E+000
   0.00000000000000E+000    6.32160804020100E+000    1.22500000000000E+000    0.00000000000000E+000    1.01325000000000E+005    0.00000000000000E+000    1.00000000000000E+000    3.54490770181103E+000
   0.00000000000000E+000    6.36432160804020E+000    1.22500000000000E+000    0.00000000000000E+000    1.01325000000000E+005    0.00000000000000E+000    1.00000000000000E+000    3.54490770181103E+000
   0.00000000000000E+000    6.40703517587940E+000    1.22500000000000E+000    0.00000000000000E+000    1.01325000000000E+005    0.00000000000000E+000    1.00000000000000E+000    3.54490770181103E+000
   0.00000000000000E+000    6.44974874371859E+000    1.22500000000000E+000    0.00000000000000E+000    1.01325000000000E+005    0.00000000000000E+000    1.00000000000000E+000    3.54490770181103E+000
   0.00000000000000E+000    6.49246231155779E+000    1.22500000000000E+000    0.00000000000000E+000    1.01325000000000E+005    0.00000000000000E+000    1.00000000000000E+000    3.54490770181103E+000
   0.00000000000000E+000    6.53517587939698E+000    1.22500000000000E+000    0.00000000000000E+000    1.01325000000000E+005    0.00000000000000E+000    1.00000000000000E+000    3.54490770181103E+000
   0.00000000000000E+000    6.57788944723618E+000    1.22500000000000E+000    0.00000000000000E+000    1.01325000000000E+005    0.00000000000000E+000    1.00000000000000E+000    3.54490770181103E+000
   0.00000000000000E+000    6.62060301507538E+000    1.22500000000000E+000    0.00000000000000E+000    1.01325000000000E+005    0.00000000000000E+000    1.00000000000000E+000    3.54490770181103E+000
   0.00000000000000E+000    6.66331658291457E+000    1.22500000000000E+000    0.00000000000000E+000    1.01325000000000E+005    0.00000000000000E+000    1.00000000000000E+000    3.54490770181103E+000
   0.00000000000000E+000    6.70603015075377E+000    1.22500000000000E+000    0.00000000000000E+000    1.01325000000000E+005    0.00000000000000E+000    1.00000000000000E+000    3.54490770181103E+000
   0.00000000000000E+000    6.74874371859296E+000    1.22500000000000E+000    0.00000000000000E+000    1.01325000000000E+005    0.00000000000000E+000    1.00000000000000E+000    3.54490770181103E+000
   0.00000000000000E+000    6.79145728643216E+000    1.22500000000000E+000    0.00000000000000E+000    1.01325000000000E+005    0.00000000000000E+000    1.00000000000000E+000    3.54490770181103E+000
   0.00000000000000E+000    6.83417085427136E+000    1.22500000000000E+000    0.00000000000000E+000    1.01325000000000E+005    0.00000000000000E+000    1.00000000000000E+000    3.54490770181103E+000
   0.00000000000000E+000    6.87688442211055E+000    1.22500000000000E+000    0.00000000000000E+000    1.01325000000000E+005    0.00000000000000E+000    1.00000000000000E+000    3.54490770181103E+000
   0.00000000000000E+000    6.91959798994975E+000    1.22500000000000E+000    0.00000000000000E+000    1.01325000000000E+005    0.00000000000000E+000    1.00000000000000E+000    3.54490770181103E+000
   0.00000000000000E+000    6.96231155778894E+000    1.22500000000000E+000    0.00000000000000E+000    1.01325000000000E+005    0.00000000000000E+000    1.00000000000000E+000    3.54490770181103E+000
   0.00000000000000E+000    7.00502512562814E+000    1.22500000000000E+000    0.00000000000000E+000    1.01325000000000E+005    0.00000000000000E+000    1.00000000000000E+000    3.54490770181103E+000
   0.00000000000000E+000    7.04773869346734E+000    1.22500000000000E+000    0.00000000000000E+000    1.01325000000000E+005    0.00000000000000E+000    1.00000000000000E+000    3.54490770181103E+000
   0.00000000000000E+000    7.09045226130653E+000    1.22500000000000E+000    0.00000000000000E+000    1.01325000000000E+005    0.00000000000000E+000    1.00000000000000E+000    3.54490770181103E+000
   0.00000000000000E+000    7.13316582914573E+000    1.22500000000000E+000    0.00000000000000E+000    1.01325000000000E+005    0.00000000000000E+000    1.00000000000000E+000    3.54490770181103E+000
   0.00000000000000E+000    7.17587939698492E+000    1.22500000000000E+000    0.00000000000000E+000    1.01325000000000E+005    0.00000000000000E+000    1.00000000000000E+000    3.54490770181103E+000
   0.00000000000000E+000    7.21859296482412E+000    1.22500000000000E+000    0.00000000000000E+000    1.01325000000000E+005    0.00000000000000E+000    1.00000000000000E+000    3.54490770181103E+000
   0.00000000000000E+000    7.26130653266332E+000    1.22500000000000E+000    0.00000000000000E+000    1.01325000000000E+005    0.00000000000000E+000    1.00000000000000E+000    3.54490770181103E+000
   0.00000000000000E+000    7.30402010050251E+000    1.22500000000000E+000    0.00000000000000E+000    1.01325000000000E+005    0.00000000000000E+000    1.00000000000000E+000    3.54490770181103E+000
   0.00000000000000E+000    7.34673366834171E+000    1.22500000000000E+000    0.00000000000000E+000    1.01325000000000E+005    0.00000000000000E+000    1.00000000000000E+000    3.54490770181103E+000
   0.00000000000000E+000    7.38944723618090E+000    1.22500000000000E+000    0.00000000000000E+000    1.01325000000000E+005    0.00000000000000E+000    1.00000000000000E+000    3.54490770181103E+000
   0.00000000000000E+000    7.43216080402010E+000    1.22500000000000E+000    0.00000000000000E+000    1.01325000000000E+005    0.00000000000000E+000    1.00000000000000E+000    3.54490770181103E+000
   0.00000000000000E+000    7.47487437185930E+000    1.22500000000000E+000    0.00000000000000E+000    1.01325000000000E+005    0.00000000000000E+000    1.00000000000000E+000    3.54490770181103E+000
   0.00000000000000E+000    7.51758793969849E+000    1.22500000000000E+000    0.00000000000000E+000    1.01325000000000E+005    0.00000000000000E+000    1.00000000000000E+000    3.54490770181103E+000
   0.00000000000000E+000    7.56030150753769E+000    1.22500000000000E+000    0.00000000000000E+000    1.01325000000000E+005    0.00000000000000E+000    1.00000000000000E+000    3.54490770181103E+000
   0.00000000000000E+000    7.60301507537688E+000    1.22500000000000E+000    0.00000000000000E+000    1.01325000000000E+005    0.00000000000000E+000    1.00000000000000E+000    3.54490770181103E+000
   0.00000000000000E+000    7.64572864321608E+000    1.22500000000000E+000    0.00000000000000E+000    1.01325000000000E+005    0.00000000000000E+000    1.00000000000000E+000    3.54490770181103E+000
   0.00000000000000E+000    7.68844221105528E+000    1.22500000000000E+000    0.00000000000000E+000    1.01325000000000E+005    0.00000000000000E+000    1.00000000000000E+000    3.54490770181103E+000
   0.00000000000000E+000    7.73115577889447E+000    1.22500000000000E+000    0.00000000000000E+000    1.01325000000000E+005    0.00000000000000E+000    1.00000000000000E+000    3.54490770181103E+000
   0.00000000000000E+000    7.77386934673367E+000    1.22500000000000E+000    0.00000000000000E+000    1.01325000000000E+005    0.00000000000000E+000    1.00000000000000E+000    3.54490770181103E+000
   0.00000000000000E+000    7.81658291457286E+000    1.22500000000000E+000    0.00000000000000E+000    1.01325000000000E+005    0.00000000000000E+000    1.00000000000000E+000    3.54490770181103E+000
   0.00000000000000E+000    7.85929648241206E+000    1.22500000000000E+000    0.00000000000000E+000    1.01325000000000E+005    0.00000000000000E+000    1.00000000000000E+000    3.54490770181103E+000
   0.00000000000000E+000    7.90201005025126E+000    1.22500000000000E+000    0.00000000000000E+000    1.01325000000000E+005    0.00000000000000E+000    1.00000000000000E+000    3.54490770181103E+000
   0.00000000000000E+000    7.94472361809045E+000    1.22500000000000E+000    0.00000000000000E+000    1.01325000000000E+005    0.00000000000000E+000    1.00000000000000E+000    3.54490770181103E+000
   0.00000000000000E+000    7.98743718592965E+000    1.22500000000000E+000    0.00000000000000E+000    1.01325000000000E+005    0.00000000000000E+000    1.00000000000000E+000    3.54490770181103E+000
   0.00000000000000E+000    8.03015075376884E+000    1.22500000000000E+000    0.00000000000000E+000    1.01325000000000E+005    0.00000000000000E+000    1.00000000000000E+000    3.54490770181103E+000
   0.00000000000000E+000    8.07286432160804E+000    1.22500000000000E+000    0.00000000000000E+000    1.01325000000000E+005    0.00000000000000E+000    1.00000000000000E+000    3.54490770181103E+000
   0.00000000000000E+000    8.11557788944724E+000    1.22500000000000E+000    0.00000000000000E+000    1.01325000000000E+005    0.00000000000000E+000    1.00000000000000E+000    3.54490770181103E+000
   0.00000000000000E+000    8.15829145728643E+000    1.22500000000000E+000    0.00000000000000E+000    1.01325000000000E+005    0.00000000000000E+000    1.00000000000000E+000    3.54490770181103E+000
   0.00000000000000E+000    8.20100502512563E+000    1.22500000000000E+000    0.00000000000000E+000    1.01325000000000E+005    0.00000000000000E+000    1.00000000000000E+000    3.54490770181103E+000
   0.00000000000000E+000    8.24371859296482E+000    1.22500000000000E+000    0.00000000000000E+000    1.01325000000000E+005    0.00000000000000E+000    1.00000000000000E+000    3.54490770181103E+000
   0.00000000000000E+000    8.28643216080402E+000    1.22500000000000E+000    0.00000000000000E+000    1.01325000000000E+005    0.00000000000000E+000    1.00000000000000E+000    3.54490770181103E+000
   0.00000000000000E+000    8.32914572864322E+000    1.22500000000000E+000    0.00000000000000E+000    1.01325000000000E+005    0.00000000000000E+000    1.00000000000000E+000    3.54490770181103E+000
   0.00000000000000E+000    8.37185929648241E+000    1.22500000000000E+000    0.00000000000000E+000    1.01325000000000E+005    0.00000000000000E+000    1.00000000000000E+000    3.54490770181103E+000
   0.00000000000000E+000    8.41457286432161E+000    1.22500000000000E+000    0.00000000000000E+000    1.01325000000000E+005    0.00000000000000E+000    1.00000000000000E+000    3.54490770181103E+000
   0.00000000000000E+000    8.45728643216080E+000    1.22500000000000E+000    0.00000000000000E+000    1.01325000000000E+005    0.00000000000000E+000    1.00000000000000E+000    3.54490770181103E+000
   0.00000000000000E+000    8.50000000000000E+000    1.22500000000000E+000    0.00000000000000E+000    1.01325000000000E+005    0.00000000000000E+000    1.00000000000000E+000    3.54490770181103E+000

