# x rho u p E a A P k M
   0.00000000000000E+000    8.76961258240610E-001    1.52677852099589E+000    1.21525555378754E+005    6.29890893144928E+005    4.11171986999154E+002    9.99999999999999E-001    3.54490770181103E+000    1.22000000000000E+000    3.71323574871611E-003
   4.27135678391960E-002    1.32804656362074E+000    4.67234286378232E-002    1.21973862652614E+005    4.17475309268536E+005    3.34739260790703E+002    9.99999999999999E-001    3.54490770181103E+000    1.22000000000000E+000    1.39581561264895E-004
   8.54271356783920E-002    1.42708162582786E+000    1.51743691918869E-002    1.21970203425748E+005    3.88492154689657E+005    3.22910659916645E+002    9.99999999999999E-001    3.54490770181103E+000    1.22000000000000E+000    4.69924690495011E-005
   1.28140703517588E-001    1.42708162582786E+000   -1.51743691918869E-002    1.21970203425748E+005    3.88492154689657E+005    3.22910659916645E+002    9.99999999999999E-001    3.54490770181103E+000    1.22000000000000E+000   -4.69924690495011E-005
   1.70854271356784E-001    1.32804656362074E+000   -4.67234286378232E-002    1.21973862652614E+005    4.17475309268536E+005    3.34739260790703E+002    9.99999999999999E-001    3.54490770181103E+000    1.22000000000000E+000   -1.39581561264895E-004
   2.13567839195980E-001    8.76961258240610E-001   -1.52677852099589E+000    1.21525555378754E+005    6.29890893144928E+005    4.11171986999154E+002    9.99999999999999E-001    3.54490770181103E+000    1.22000000000000E+000   -3.71323574871611E-003
   2.56281407035176E-001    1.99851524645703E-001    1.51075579917694E+002    1.22757239834703E+005    2.80342190775832E+006    8.65664763024696E+002    9.99999999999999E-001    3.54490770181103E+000    1.22000000000000E+000    1.74519729080603E-001
   2.98994974874372E-001    3.39156757299130E-001    2.10662985150706E+002    2.12527146327013E+005    2.87052568797902E+006    8.74353159296069E+002    9.99999999999999E-001    3.54490770181103E+000    1.22000000000000E+000    2.40935808272607E-001
   3.41708542713568E-001    4.15340671283992E-001    2.70383413288604E+002    2.59374020291925E+005    2.87512178987906E+006    8.72852624147496E+002    9.99999999999999E-001    3.54490770181103E+000    1.22000000000000E+000    3.09769834916501E-001
   3.84422110552764E-001    5.22102795023967E-001    3.52776465655778E+002    3.22835487110663E+005    2.87284844165265E+006    8.68545431189451E+002    9.99999999999999E-001    3.54490770181103E+000    1.22000000000000E+000    4.06169272196458E-001
   4.27135678391960E-001    5.31846858016862E-001    3.36572605791244E+002    3.30232803812746E+005    2.87899097205624E+006    8.70355588672951E+002    9.99999999999999E-001    3.54490770181103E+000    1.22000000000000E+000    3.86707008229158E-001
   4.69849246231156E-001    5.31850891435045E-001    3.36575921211457E+002    3.30233946539623E+005    2.87898045026904E+006    8.70353794260123E+002    9.99999999999999E-001    3.54490770181103E+000    1.22000000000000E+000    3.86711614783706E-001
   5.12562814070352E-001    5.31864069914406E-001    3.36579809074913E+002    3.30235355967461E+005    2.87892387253780E+006    8.70344868715882E+002    9.99999999999999E-001    3.54490770181103E+000    1.22000000000000E+000    3.86720047619178E-001
   5.55276381909548E-001    5.31886763594535E-001    3.36583877338401E+002    3.30236777641474E+005    2.87881697483977E+006    8.70328174677128E+002    9.99999999999999E-001    3.54490770181103E+000    1.22000000000000E+000    3.86732139819863E-001
   5.97989949748744E-001    5.31918246462803E-001    3.36587572560637E+002    3.30237978707476E+005    2.87866144507486E+006    8.70304000693429E+002    9.99999999999999E-001    3.54490770181103E+000    1.22000000000000E+000    3.86747127776565E-001
   6.40703517587940E-001    5.31952767934225E-001    3.36590674489137E+002    3.30238825402888E+005    2.87848658721011E+006    8.70276876368811E+002    9.99999999999999E-001    3.54490770181103E+000    1.22000000000000E+000    3.86762746005094E-001
   6.83417085427136E-001    5.31976839148110E-001    3.36593235406619E+002    3.30239347692887E+005    2.87836422753764E+006    8.70257874913866E+002    9.99999999999999E-001    3.54490770181103E+000    1.22000000000000E+000    3.86774133402623E-001
   7.26130653266332E-001    5.31976455648941E-001    3.36595349638957E+002    3.30239589619043E+005    2.87836904046740E+006    8.70258507362130E+002    9.99999999999999E-001    3.54490770181103E+000    1.22000000000000E+000    3.86776281750146E-001
   7.68844221105528E-001    5.31950115204590E-001    3.36596919777983E+002    3.30239526657129E+005    2.87850875343075E+006    8.70279970322995E+002    9.99999999999999E-001    3.54490770181103E+000    1.22000000000000E+000    3.86768547198734E-001
   8.11557788944724E-001    5.31913058158874E-001    3.36597703326249E+002    3.30239060968385E+005    2.87870162952899E+006    8.70309671267808E+002    9.99999999999999E-001    3.54490770181103E+000    1.22000000000000E+000    3.86756248308623E-001
   8.54271356783920E-001    5.31887079806260E-001    3.36597277373834E+002    3.30238004146271E+005    2.87883028894712E+006    8.70329532172628E+002    9.99999999999999E-001    3.54490770181103E+000    1.22000000000000E+000    3.86746933122649E-001
   8.96984924623116E-001    5.31888109205971E-001    3.36595509669816E+002    3.30236284699079E+005    2.87880953778438E+006    8.70326424198701E+002    9.99999999999999E-001    3.54490770181103E+000    1.22000000000000E+000    3.86746283131315E-001
   9.39698492462312E-001    5.31923640524135E-001    3.36592958097202E+002    3.30234143392266E+005    2.87860186669383E+006    8.70294534196149E+002    9.99999999999999E-001    3.54490770181103E+000    1.22000000000000E+000    3.86757522736940E-001
   9.82412060301508E-001    5.31994912861877E-001    3.36590277345775E+002    3.30231870046639E+005    2.87820347809261E+006    8.70233239386660E+002    9.99999999999999E-001    3.54490770181103E+000    1.22000000000000E+000    3.86781683474885E-001
   1.02512562814070E+000    5.32092014179879E-001    3.36587902087674E+002    3.30229669073755E+005    2.87766897143701E+006    8.70150931694651E+002    9.99999999999999E-001    3.54490770181103E+000    1.22000000000000E+000    3.86815539497449E-001
   1.06783919597990E+000    5.32184250586092E-001    3.36585868906419E+002    3.30227576547406E+005    2.87716148417694E+006    8.70072765937365E+002    9.99999999999999E-001    3.54490770181103E+000    1.22000000000000E+000    3.86847953508580E-001
   1.11055276381910E+000    5.32224084094017E-001    3.36583892852161E+002    3.30225488189855E+005    2.87693188617430E+006    8.70037454617621E+002    9.99999999999999E-001    3.54490770181103E+000    1.22000000000000E+000    3.86861382881601E-001
   1.15326633165829E+000    5.32173277028608E-001    3.36581709065866E+002    3.30223308396012E+005    2.87718178827233E+006    8.70076113590821E+002    9.99999999999999E-001    3.54490770181103E+000    1.22000000000000E+000    3.86841684087599E-001
   1.19597989949749E+000    5.32033413869240E-001    3.36579335243040E+002    3.30221068091027E+005    2.87790332394841E+006    8.70187518908238E+002    9.99999999999999E-001    3.54490770181103E+000    1.22000000000000E+000    3.86789430932452E-001
   1.23869346733668E+000    5.31850020236212E-001    3.36577027192818E+002    3.30218905852049E+005    2.87885690046888E+006    8.70334686488739E+002    9.99999999999999E-001    3.54490770181103E+000    1.22000000000000E+000    3.86721375601721E-001
   1.28140703517588E+000    5.31685405590452E-001    3.36575044256982E+002    3.30216962939499E+005    2.87971340625470E+006    8.70466847037183E+002    9.99999999999999E-001    3.54490770181103E+000    1.22000000000000E+000    3.86660382761947E-001
   1.32412060301508E+000    5.31587355922574E-001    3.36573436344018E+002    3.30215285513666E+005    2.88021922890665E+006    8.70544909722589E+002    9.99999999999999E-001    3.54490770181103E+000    1.22000000000000E+000    3.86623863496338E-001
   1.36683417085427E+000    5.31577075137831E-001    3.36572020769775E+002    3.30213810323739E+005    2.88026074673608E+006    8.70551383381139E+002    9.99999999999999E-001    3.54490770181103E+000    1.22000000000000E+000    3.86619362389111E-001
   1.40954773869347E+000    5.31657421982418E-001    3.36570607142352E+002    3.30212462845585E+005    2.87982203030963E+006    8.70483823697508E+002    9.99999999999999E-001    3.54490770181103E+000    1.22000000000000E+000    3.86647744598767E-001
   1.45226130653266E+000    5.31822620074097E-001    3.36569223733862E+002    3.30211257674716E+005    2.87893430955830E+006    8.70347027363275E+002    9.99999999999999E-001    3.54490770181103E+000    1.22000000000000E+000    3.86706926263082E-001
   1.49497487437186E+000    5.32054310052099E-001    3.36568133132078E+002    3.30210305921630E+005    2.87769680640179E+006    8.70156250746054E+002    9.99999999999999E-001    3.54490770181103E+000    1.22000000000000E+000    3.86790456131886E-001
   1.53768844221106E+000    5.32311547767897E-001    3.36567691919778E+002    3.30209754985158E+005    2.87632868700024E+006    8.69945249611660E+002    9.99999999999999E-001    3.54490770181103E+000    1.22000000000000E+000    3.86883763167878E-001
   1.58040201005025E+000    5.32533000540897E-001    3.36568149524826E+002    3.30209701909050E+005    2.87515582568024E+006    8.69764278414519E+002    9.99999999999999E-001    3.54490770181103E+000    1.22000000000000E+000    3.86964787905927E-001
   1.62311557788945E+000    5.32657522200470E-001    3.36569355547050E+002    3.30210063076537E+005    2.87450041673621E+006    8.69663083785480E+002    9.99999999999999E-001    3.54490770181103E+000    1.22000000000000E+000    3.87011202179616E-001
   1.66582914572864E+000    5.32653269388630E-001    3.36571036121878E+002    3.30210705201648E+005    2.87452896038591E+006    8.69667401136425E+002    9.99999999999999E-001    3.54490770181103E+000    1.22000000000000E+000    3.87011213346699E-001
   1.70854271356784E+000    5.32534348559370E-001    3.36573010497724E+002    3.30211546457716E+005    2.87516607132516E+006    8.69765606826574E+002    9.99999999999999E-001    3.54490770181103E+000    1.22000000000000E+000    3.86969785717033E-001
   1.75125628140704E+000    5.32349927219547E-001    3.36575342052407E+002    3.30212624577943E+005    2.87615247989329E+006    8.69917669813399E+002    9.99999999999999E-001    3.54490770181103E+000    1.22000000000000E+000    3.86904822986989E-001
   1.79396984924623E+000    5.32157099926050E-001    3.36578443228708E+002    3.30214140654978E+005    2.87718812405091E+006    8.70077260358974E+002    9.99999999999999E-001    3.54490770181103E+000    1.22000000000000E+000    3.86837420724964E-001
   1.83668341708543E+000    5.31998140166385E-001    3.36582930911892E+002    3.30216385864141E+005    2.87805159006345E+006    8.70210197516708E+002    9.99999999999999E-001    3.54490770181103E+000    1.22000000000000E+000    3.86783482740594E-001
   1.87939698492462E+000    5.31890999766463E-001    3.36589118816711E+002    3.30219502293351E+005    2.87864862991522E+006    8.70301944353157E+002    9.99999999999999E-001    3.54490770181103E+000    1.22000000000000E+000    3.86749818267817E-001
   1.92211055276382E+000    5.31832725314607E-001    3.36596685062957E+002    3.30223330031068E+005    2.87899310645991E+006    8.70354668111329E+002    9.99999999999999E-001    3.54490770181103E+000    1.22000000000000E+000    3.86735083288945E-001
   1.96482412060302E+000    5.31809651431845E-001    3.36604873902045E+002    3.30227505760787E+005    2.87915400782404E+006    8.70379052148952E+002    9.99999999999999E-001    3.54490770181103E+000    1.22000000000000E+000    3.86733657101435E-001
   2.00753768844221E+000    5.31806738331847E-001    3.36612805332012E+002    3.30231612185196E+005    2.87920723695363E+006    8.70386847641096E+002    9.99999999999999E-001    3.54490770181103E+000    1.22000000000000E+000    3.86739305912415E-001
   2.05025125628141E+000    5.31812561507108E-001    3.36619759851240E+002    3.30235313455124E+005    2.87921030703552E+006    8.70386960053401E+002    9.99999999999999E-001    3.54490770181103E+000    1.22000000000000E+000    3.86747246110611E-001
   2.09296482412060E+000    5.31820487944286E-001    3.36625419343422E+002    3.30238465684623E+005    2.87919708584124E+006    8.70384627811261E+002    9.99999999999999E-001    3.54490770181103E+000    1.22000000000000E+000    3.86754784709293E-001
   2.13567839195980E+000    5.31827771181934E-001    3.36629906846163E+002    3.30241130311465E+005    2.87918271673091E+006    8.70382179396605E+002    9.99999999999999E-001    3.54490770181103E+000    1.22000000000000E+000    3.86761028447908E-001
   2.17839195979899E+000    5.31833907893257E-001    3.36633505039741E+002    3.30243438168395E+005    2.87917108423280E+006    8.70380199076752E+002    9.99999999999999E-001    3.54490770181103E+000    1.22000000000000E+000    3.86766042468362E-001
   2.22110552763819E+000    5.31839147255902E-001    3.36636308096820E+002    3.30245426230243E+005    2.87916121346306E+006    8.70378531655167E+002    9.99999999999999E-001    3.54490770181103E+000    1.22000000000000E+000    3.86770003916171E-001
   2.26381909547739E+000    5.31843647307020E-001    3.36638122626505E+002    3.30246994620056E+005    2.87915134688718E+006    8.70376916185316E+002    9.99999999999999E-001    3.54490770181103E+000    1.22000000000000E+000    3.86772806546756E-001
   2.30653266331658E+000    5.31847289790295E-001    3.36638588809997E+002    3.30247968249053E+005    2.87914049449367E+006    8.70375218698478E+002    9.99999999999999E-001    3.54490770181103E+000    1.22000000000000E+000    3.86774096479209E-001
   2.34924623115578E+000    5.31849811681346E-001    3.36637255167027E+002    3.30248135509986E+005    2.87912809159208E+006    8.70373375560803E+002    9.99999999999999E-001    3.54490770181103E+000    1.22000000000000E+000    3.86773383262239E-001
   2.39195979899497E+000    5.31850820981849E-001    3.36633342411110E+002    3.30247138368666E+005    2.87911289613646E+006    8.70371235711358E+002    9.99999999999999E-001    3.54490770181103E+000    1.22000000000000E+000    3.86769838660831E-001
   2.43467336683417E+000    5.31850155875025E-001    3.36626269914613E+002    3.30244711274494E+005    2.87909330180160E+006    8.70368581604645E+002    9.99999999999999E-001    3.54490770181103E+000    1.22000000000000E+000    3.86762892215153E-001
   2.47738693467337E+000    5.31848307109258E-001    3.36616528023972E+002    3.30241080176711E+005    2.87906880031380E+006    8.70365309405781E+002    9.99999999999999E-001    3.54490770181103E+000    1.22000000000000E+000    3.86753153401516E-001
   2.52010050251256E+000    5.31845814673481E-001    3.36604931474847E+002    3.30236616440083E+005    2.87903997410225E+006    8.70361466614520E+002    9.99999999999999E-001    3.54490770181103E+000    1.22000000000000E+000    3.86741537150252E-001
   2.56281407035176E+000    5.31842897834030E-001    3.36592098139247E+002    3.30231599668986E+005    2.87900825713683E+006    8.70357242249656E+002    9.99999999999999E-001    3.54490770181103E+000    1.22000000000000E+000    3.86728669332653E-001
   2.60552763819095E+000    5.31839504934740E-001    3.36578376450887E+002    3.30226188886150E+005    2.87897539987376E+006    8.70352888119055E+002    9.99999999999999E-001    3.54490770181103E+000    1.22000000000000E+000    3.86714838366626E-001
   2.64824120603015E+000    5.31835588366979E-001    3.36564000619694E+002    3.30220495417342E+005    2.87894268520121E+006    8.70348589870715E+002    9.99999999999999E-001    3.54490770181103E+000    1.22000000000000E+000    3.86700230846227E-001
   2.69095477386935E+000    5.31831364074630E-001    3.36549277460726E+002    3.30214665975593E+005    2.87891032430519E+006    8.70344364142682E+002    9.99999999999999E-001    3.54490770181103E+000    1.22000000000000E+000    3.86685191892106E-001
   2.73366834170854E+000    5.31827353922438E-001    3.36534637950447E+002    3.30208902205989E+005    2.87887741625358E+006    8.70340049652740E+002    9.99999999999999E-001    3.54490770181103E+000    1.22000000000000E+000    3.86670288336980E-001
   2.77638190954774E+000    5.31824189628223E-001    3.36520543431219E+002    3.30203415800853E+005    2.87884257330556E+006    8.70335408480958E+002    9.99999999999999E-001    3.54490770181103E+000    1.22000000000000E+000    3.86656155950918E-001
   2.81909547738693E+000    5.31822330536931E-001    3.36507366025634E+002    3.30198374541125E+005    2.87880491720352E+006    8.70330285894815E+002    9.99999999999999E-001    3.54490770181103E+000    1.22000000000000E+000    3.86643291034804E-001
   2.86180904522613E+000    5.31821893122323E-001    3.36495359998234E+002    3.30193890334788E+005    2.87876487207752E+006    8.70324734097509E+002    9.99999999999999E-001    3.54490770181103E+000    1.22000000000000E+000    3.86631962548055E-001
   2.90452261306533E+000    5.31822697648263E-001    3.36484737469252E+002    3.30190053971515E+005    2.87872423928390E+006    8.70319019844115E+002    9.99999999999999E-001    3.54490770181103E+000    1.22000000000000E+000    3.86622295729583E-001
   2.94723618090452E+000    5.31824484396739E-001    3.36475760521880E+002    3.30186978182643E+005    2.87868544890033E+006    8.70313504251915E+002    9.99999999999999E-001    3.54490770181103E+000    1.22000000000000E+000    3.86614431326216E-001
   2.98994974874372E+000    5.31827153871081E-001    3.36468763862976E+002    3.30184812319277E+005    2.87865041813047E+006    8.70308465595372E+002    9.99999999999999E-001    3.54490770181103E+000    1.22000000000000E+000    3.86608630346712E-001
   3.03266331658291E+000    5.31830896716142E-001    3.36464115273459E+002    3.30183730659213E+005    2.87861974870731E+006    8.70303977594452E+002    9.99999999999999E-001    3.54490770181103E+000    1.22000000000000E+000    3.86605282677734E-001
   3.07537688442211E+000    5.31836166759493E-001    3.36462199191489E+002    3.30183927362850E+005    2.87859282141559E+006    8.70299924834357E+002    9.99999999999999E-001    3.54490770181103E+000    1.22000000000000E+000    3.86604881363775E-001
   3.11809045226131E+000    5.31843579801994E-001    3.36463548205779E+002    3.30185670575321E+005    2.87856883986404E+006    8.70296156887590E+002    9.99999999999999E-001    3.54490770181103E+000    1.22000000000000E+000    3.86608105232892E-001
   3.16080402010050E+000    5.31853861263136E-001    3.36469139460224E+002    3.30189426826963E+005    2.87854827125895E+006    8.70292695101550E+002    9.99999999999999E-001    3.54490770181103E+000    1.22000000000000E+000    3.86616067621897E-001
   3.20351758793970E+000    5.31867496614102E-001    3.36480044885863E+002    3.30195690389199E+005    2.87853312499498E+006    8.70289793702806E+002    9.99999999999999E-001    3.54490770181103E+000    1.22000000000000E+000    3.86629887332410E-001
   3.24623115577889E+000    5.31884099383955E-001    3.36496313407400E+002    3.30204467762688E+005    2.87852552375941E+006    8.70287777453935E+002    9.99999999999999E-001    3.54490770181103E+000    1.22000000000000E+000    3.86649476328203E-001
   3.28894472361809E+000    5.31902480768846E-001    3.36516742417584E+002    3.30215181345449E+005    2.87852643377391E+006    8.70286857719378E+002    9.99999999999999E-001    3.54490770181103E+000    1.22000000000000E+000    3.86673358827272E-001
   3.33165829145729E+000    5.31921197928375E-001    3.36539381183928E+002    3.30226911782022E+005    2.87853499634026E+006    8.70287003283951E+002    9.99999999999999E-001    3.54490770181103E+000    1.22000000000000E+000    3.86699307141238E-001
   3.37437185929648E+000    5.31939026950800E-001    3.36562098090058E+002    3.30238665318495E+005    2.87854849455906E+006    8.70287905801174E+002    9.99999999999999E-001    3.54490770181103E+000    1.22000000000000E+000    3.86725008869592E-001
   3.41708542713568E+000    5.31955240940158E-001    3.36583142750095E+002    3.30249635079094E+005    2.87856330026819E+006    8.70289096647656E+002    9.99999999999999E-001    3.54490770181103E+000    1.22000000000000E+000    3.86748660929580E-001
   3.45979899497487E+000    5.31969673520190E-001    3.36601611730760E+002    3.30259415951428E+005    2.87857653022368E+006    8.70290178130481E+002    9.99999999999999E-001    3.54490770181103E+000    1.22000000000000E+000    3.86769401964104E-001
   3.50251256281407E+000    5.31982545351530E-001    3.36617571428791E+002    3.30268057799895E+005    2.87858746231382E+006    8.70291035475072E+002    9.99999999999999E-001    3.54490770181103E+000    1.22000000000000E+000    3.86787359294170E-001
   3.54522613065327E+000    5.31994080906169E-001    3.36631642208105E+002    3.30275864294697E+005    2.87859770932011E+006    8.70291885190953E+002    9.99999999999999E-001    3.54490770181103E+000    1.22000000000000E+000    3.86803149536714E-001
   3.58793969849246E+000    5.32004158842652E-001    3.36644309631619E+002    3.30283063686205E+005    2.87861002848432E+006    8.70293127253780E+002    9.99999999999999E-001    3.54490770181103E+000    1.22000000000000E+000    3.86817152852745E-001
   3.63065326633166E+000    5.32012288925414E-001    3.36655501622487E+002    3.30289609443127E+005    2.87862659821084E+006    8.70295101323048E+002    9.99999999999999E-001    3.54490770181103E+000    1.22000000000000E+000    3.86829135440029E-001
   3.67336683417085E+000    5.32017899920653E-001    3.36664632572529E+002    3.30295208925272E+005    2.87864775094818E+006    8.70297889066124E+002    9.99999999999999E-001    3.54490770181103E+000    1.22000000000000E+000    3.86838388099261E-001
   3.71608040201005E+000    5.32020649571173E-001    3.36670901318870E+002    3.30299476432042E+005    2.87867173710587E+006    8.70301262289987E+002    9.99999999999999E-001    3.54490770181103E+000    1.22000000000000E+000    3.86844091703374E-001
   3.75879396984925E+000    5.32020518710176E-001    3.36673580392341E+002    3.30302076929649E+005    2.87869555122408E+006    8.70304795324151E+002    9.99999999999999E-001    3.54490770181103E+000    1.22000000000000E+000    3.86845599611966E-001
   3.80150753768844E+000    5.32017696343977E-001    3.36672214932154E+002    3.30302813936344E+005    2.87871635923763E+006    8.70308074777051E+002    9.99999999999999E-001    3.54490770181103E+000    1.22000000000000E+000    3.86842572980149E-001
   3.84422110552764E+000    5.32012413124566E-001    3.36666732785704E+002    3.30301666443542E+005    2.87873273417895E+006    8.70310884359480E+002    9.99999999999999E-001    3.54490770181103E+000    1.22000000000000E+000    3.86835025088167E-001
   3.88693467336683E+000    5.32004712739332E-001    3.36657201609360E+002    3.30298666696215E+005    2.87874474281182E+006    8.70313230848196E+002    9.99999999999999E-001    3.54490770181103E+000    1.22000000000000E+000    3.86823030693510E-001
   3.92964824120603E+000    5.31994198593553E-001    3.36643227771670E+002    3.30293625948689E+005    2.87875274396814E+006    8.70315189993074E+002    9.99999999999999E-001    3.54490770181103E+000    1.22000000000000E+000    3.86806103860314E-001
   3.97236180904523E+000    5.31979917104103E-001    3.36623415146014E+002    3.30285897058497E+005    2.87875579712645E+006    8.70316689210499E+002    9.99999999999999E-001    3.54490770181103E+000    1.22000000000000E+000    3.86782672697429E-001
   4.01507537688442E+000    5.31960581966383E-001    3.36595472398063E+002    3.30274432558373E+005    2.87875100500611E+006    8.70317400623486E+002    9.99999999999999E-001    3.54490770181103E+000    1.22000000000000E+000    3.86750250146589E-001
   4.05778894472362E+000    5.31935319923217E-001    3.36557437935986E+002    3.30258344684083E+005    2.87873475454880E+006    8.70316868806453E+002    9.99999999999999E-001    3.54490770181103E+000    1.22000000000000E+000    3.86706784619191E-001
   4.10050251256281E+000    5.31904359589711E-001    3.36509061407591E+002    3.30237523643584E+005    2.87870481020749E+006    8.70314761855242E+002    9.99999999999999E-001    3.54490770181103E+000    1.22000000000000E+000    3.86652135705773E-001
   4.14321608040201E+000    5.31868947323527E-001    3.36451998796026E+002    3.30212704477001E+005    2.87866139712009E+006    8.70311028330309E+002    9.99999999999999E-001    3.54490770181103E+000    1.22000000000000E+000    3.86588228626160E-001
   4.18592964824121E+000    5.31830843804510E-001    3.36389205095820E+002    3.30185173010038E+005    2.87860715517895E+006    8.70305921772166E+002    9.99999999999999E-001    3.54490770181103E+000    1.22000000000000E+000    3.86518345653497E-001
   4.22864321608040E+000    5.31791971184111E-001    3.36324363604325E+002    3.30156503914098E+005    2.87854658120302E+006    8.70299944379616E+002    9.99999999999999E-001    3.54490770181103E+000    1.22000000000000E+000    3.86446495574661E-001
   4.27135678391960E+000    5.31754329014842E-001    3.36261583130315E+002    3.30128434662613E+005    2.87848529645074E+006    8.70293749828271E+002    9.99999999999999E-001    3.54490770181103E+000    1.22000000000000E+000    3.86377109104446E-001
   4.31407035175879E+000    5.31719960147038E-001    3.36205127143012E+002    3.30102754804695E+005    2.87842919034636E+006    8.70288025302054E+002    9.99999999999999E-001    3.54490770181103E+000    1.22000000000000E+000    3.86314780128480E-001
   4.35678391959799E+000    5.31690589502709E-001    3.36158751793604E+002    3.30080966577196E+005    2.87838321366629E+006    8.70283339693547E+002    9.99999999999999E-001    3.54490770181103E+000    1.22000000000000E+000    3.86263572403874E-001
   4.39949748743719E+000    5.31666651068853E-001    3.36124471176732E+002    3.30063518335495E+005    2.87834957373898E+006    8.70279929219859E+002    9.99999999999999E-001    3.54490770181103E+000    1.22000000000000E+000    3.86225695768995E-001
   4.44221105527638E+000    5.31646278620113E-001    3.36101595638253E+002    3.30049040625252E+005    2.87832623625781E+006    8.70277516133756E+002    9.99999999999999E-001    3.54490770181103E+000    1.22000000000000E+000    3.86200481349212E-001
   4.48492462311558E+000    5.31625799232460E-001    3.36088572544230E+002    3.30034735955160E+005    2.87830825648033E+006    8.70275418532488E+002    9.99999999999999E-001    3.54490770181103E+000    1.22000000000000E+000    3.86186447861486E-001
   4.52763819095477E+000    5.31601224933447E-001    3.36086940299638E+002    3.30017529607205E+005    2.87829102967527E+006    8.70272846678326E+002    9.99999999999999E-001    3.54490770181103E+000    1.22000000000000E+000    3.86185713575255E-001
   4.57035175879397E+000    5.31568718714647E-001    3.36103652720840E+002    3.29994445172172E+005    2.87827180930162E+006    8.70269016640023E+002    9.99999999999999E-001    3.54490770181103E+000    1.22000000000000E+000    3.86206616913108E-001
   4.61306532663317E+000    5.31523657104204E-001    3.36150760681181E+002    3.29961917437296E+005    2.87824870083411E+006    8.70263011447469E+002    9.99999999999999E-001    3.54490770181103E+000    1.22000000000000E+000    3.86263412622900E-001
   4.65577889447236E+000    5.31457534461349E-001    3.36244342769294E+002    3.29913467615723E+005    2.87821685607266E+006    8.70253249083477E+002    9.99999999999999E-001    3.54490770181103E+000    1.22000000000000E+000    3.86375279981334E-001
   4.69849246231156E+000    5.31353056910069E-001    3.36407592843056E+002    3.29835999435750E+005    2.87816387603595E+006    8.70236612153462E+002    9.99999999999999E-001    3.54490770181103E+000    1.22000000000000E+000    3.86570259335092E-001
   4.74120603015075E+000    5.31183876419370E-001    3.36679556029419E+002    3.29709598502433E+005    2.87807242805808E+006    8.70208394882539E+002    9.99999999999999E-001    3.54490770181103E+000    1.22000000000000E+000    3.86895320717819E-001
   4.78391959798995E+000    5.30923409466813E-001    3.37102016120271E+002    3.29514201902567E+005    2.87792603516478E+006    8.70163869165962E+002    9.99999999999999E-001    3.54490770181103E+000    1.22000000000000E+000    3.87400612764327E-001
   4.82663316582915E+000    5.30560887038362E-001    3.37691889291468E+002    3.29241735969982E+005    2.87771837960017E+006    8.70101147626971E+002    9.99999999999999E-001    3.54490770181103E+000    1.22000000000000E+000    3.88106474991392E-001
   4.86934673366834E+000    5.30104560857981E-001    3.38435422840213E+002    3.28898522079578E+005    2.87745493025870E+006    8.70021742157242E+002    9.99999999999999E-001    3.54490770181103E+000    1.22000000000000E+000    3.88996511743549E-001
   4.91206030150754E+000    5.29574020863915E-001    3.39300307165460E+002    3.28499440318656E+005    2.87714793187473E+006    8.69929175498893E+002    9.99999999999999E-001    3.54490770181103E+000    1.22000000000000E+000    3.90032104591590E-001
   4.95477386934673E+000    5.28991692862646E-001    3.40249225951232E+002    3.28061484186742E+005    2.87681100926522E+006    8.69827455986380E+002    9.99999999999999E-001    3.54490770181103E+000    1.22000000000000E+000    3.91168643401112E-001
   4.99748743718593E+000    5.28375992971307E-001    3.41250559240685E+002    3.27598583682653E+005    2.87645483012632E+006    8.69719854606453E+002    9.99999999999999E-001    3.54490770181103E+000    1.22000000000000E+000    3.92368367162436E-001
   5.04020100502512E+000    5.27737305451022E-001    3.42285528333257E+002    3.27118575066794E+005    2.87608491342952E+006    8.69608188541511E+002    9.99999999999999E-001    3.54490770181103E+000    1.22000000000000E+000    3.93608906681677E-001
   5.08291457286432E+000    5.27078039114872E-001    3.43350766675936E+002    3.26623257668042E+005    2.87570266183922E+006    8.69492835004946E+002    9.99999999999999E-001    3.54490770181103E+000    1.22000000000000E+000    3.94886251907968E-001
   5.12562814070352E+000    5.26394923764781E-001    3.44453407800989E+002    3.26110138686870E+005    2.87530642082096E+006    8.69373142901707E+002    9.99999999999999E-001    3.54490770181103E+000    1.22000000000000E+000    3.96208935844632E-001
   5.16834170854271E+000    5.25682909094254E-001    3.45603434372996E+002    3.25575381183204E+005    2.87489341806848E+006    8.69248130700812E+002    9.99999999999999E-001    3.54490770181103E+000    1.22000000000000E+000    3.97588930210711E-001
   5.21105527638191E+000    5.24938597299714E-001    3.46808145714864E+002    3.25016394460208E+005    2.87446185855599E+006    8.69117102815990E+002    9.99999999999999E-001    3.54490770181103E+000    1.22000000000000E+000    3.99035002983125E-001
   5.25376884422111E+000    5.24161518647769E-001    3.48070269656243E+002    3.24432796471065E+005    2.87401177528948E+006    8.68979884470455E+002    9.99999999999999E-001    3.54490770181103E+000    1.22000000000000E+000    4.00550433763323E-001
   5.29648241206030E+000    5.23353846044475E-001    3.49388364628191E+002    3.23826204475144E+005    2.87354490617530E+006    8.68836785386271E+002    9.99999999999999E-001    3.54490770181103E+000    1.22000000000000E+000    4.02133485258521E-001
   5.33919597989950E+000    5.22520194161982E-001    3.50756865727414E+002    3.23200094867113E+005    2.87306459310398E+006    8.68688586287846E+002    9.99999999999999E-001    3.54490770181103E+000    1.22000000000000E+000    4.03777454042878E-001
   5.38190954773869E+000    5.21668400349296E-001    3.52164523597492E+002    3.22560399335371E+005    2.87257624030537E+006    8.68536699744126E+002    9.99999999999999E-001    3.54490770181103E+000    1.22000000000000E+000    4.05468788712371E-001
   5.42462311557789E+000    5.20810502428499E-001    3.53592694806258E+002    3.21916233476809E+005    2.87208782041924E+006    8.68383349143588E+002    9.99999999999999E-001    3.54490770181103E+000    1.22000000000000E+000    4.07185023935543E-001
   5.46733668341709E+000    5.19961233573437E-001    3.55016936210819E+002    3.21278734561048E+005    2.87160844204374E+006    8.68231269357426E+002    9.99999999999999E-001    3.54490770181103E+000    1.22000000000000E+000    4.08896740696249E-001
   5.51005025125628E+000    5.19131040163468E-001    3.56418619306708E+002    3.20655766241830E+005    2.87114389512711E+006    8.68082385198789E+002    9.99999999999999E-001    3.54490770181103E+000    1.22000000000000E+000    4.10581559289546E-001
   5.55276381909548E+000    5.18310770913340E-001    3.57811690641851E+002    3.20040370252101E+005    2.87068781397254E+006    8.67934957142757E+002    9.99999999999999E-001    3.54490770181103E+000    1.22000000000000E+000    4.12256342133940E-001
   5.59547738693467E+000    5.17452333741029E-001    3.59275809973997E+002    3.19396232230706E+005    2.87021064838454E+006    8.67779996186898E+002    9.99999999999999E-001    3.54490770181103E+000    1.22000000000000E+000    4.14017160516130E-001
   5.63819095477387E+000    5.16462669146393E-001    3.60967095317791E+002    3.18653238758333E+005    2.86965686439932E+006    8.67600145385595E+002    9.99999999999999E-001    3.54490770181103E+000    1.22000000000000E+000    4.16052368406835E-001
   5.68090452261306E+000    5.15224488595665E-001    3.63083937429867E+002    3.17723226802264E+005    2.86895814608994E+006    8.67373499542379E+002    9.99999999999999E-001    3.54490770181103E+000    1.22000000000000E+000    4.18601603140317E-001
   5.72361809045226E+000    5.13640081113042E-001    3.65793851718452E+002    3.16533073335871E+005    2.86805993755885E+006    8.67081678500031E+002    9.99999999999999E-001    3.54490770181103E+000    1.22000000000000E+000    4.21867813365912E-001
   5.76633165829146E+000    5.11667339569153E-001    3.69172739551456E+002    3.15051808579094E+005    2.86694254644821E+006    8.66716482597529E+002    9.99999999999999E-001    3.54490770181103E+000    1.22000000000000E+000    4.25944062405568E-001
   5.80904522613065E+000    5.09320288913000E-001    3.73203074627930E+002    3.13290871089581E+005    2.86562041009418E+006    8.66280018402896E+002    9.99999999999999E-001    3.54490770181103E+000    1.22000000000000E+000    4.30811131158237E-001
   5.85175879396985E+000    5.06647240493689E-001    3.77809515894042E+002    3.11287470491545E+005    2.86412784466094E+006    8.65780688997350E+002    9.99999999999999E-001    3.54490770181103E+000    1.22000000000000E+000    4.36380160351669E-001
   5.89447236180905E+000    5.03708448065352E-001    3.82895716634745E+002    3.09087621864536E+005    2.86250482776705E+006    8.65229074032538E+002    9.99999999999999E-001    3.54490770181103E+000    1.22000000000000E+000    4.42536812650317E-001
   5.93718592964824E+000    5.00561767406725E-001    3.88368181015173E+002    3.06735299627226E+005    2.86078818207026E+006    8.64635289008897E+002    9.99999999999999E-001    3.54490770181103E+000    1.22000000000000E+000    4.49169940149386E-001
   5.97989949748744E+000    4.97256255520489E-001    3.94147125591023E+002    3.04267653660843E+005    2.85900808627462E+006    8.64007834327226E+002    9.99999999999999E-001    3.54490770181103E+000    1.22000000000000E+000    4.56184666309111E-001
   6.02261306532663E+000    4.93830899621615E-001    4.00168860548177E+002    3.01714129816035E+005    2.85718795303026E+006    8.63353411934132E+002    9.99999999999999E-001    3.54490770181103E+000    1.22000000000000E+000    4.63505274915977E-001
   6.06532663316583E+000    4.90315725779490E-001    4.06384182982561E+002    2.99097378223850E+005    2.85534568860930E+006    8.62677174406507E+002    9.99999999999999E-001    3.54490770181103E+000    1.22000000000000E+000    4.71073299536574E-001
   6.10804020100502E+000    4.86733586834482E-001    4.12755590331907E+002    2.96434638975089E+005    2.85349507077899E+006    8.61983063520785E+002    9.99999999999999E-001    3.54490770181103E+000    1.22000000000000E+000    4.78844199845412E-001
   6.15075376884422E+000    4.83101880469100E-001    4.19254562880465E+002    2.93739033322950E+005    2.85164672028994E+006    8.61274089236199E+002    9.99999999999999E-001    3.54490770181103E+000    1.22000000000000E+000    4.86784135410680E-001
   6.19346733668342E+000    4.79433968614709E-001    4.25859307164839E+002    2.91020599546429E+005    2.84980861956968E+006    8.60552519158330E+002    9.99999999999999E-001    3.54490770181103E+000    1.22000000000000E+000    4.94867306392123E-001
   6.23618090452261E+000    4.75740274042842E-001    4.32553014917117E+002    2.88287077162035E+005    2.84798635709465E+006    8.59820001504037E+002    9.99999999999999E-001    3.54490770181103E+000    1.22000000000000E+000    5.03073915657318E-001
   6.27889447236181E+000    4.72029091610377E-001    4.39322581261743E+002    2.85544490002628E+005    2.84618332486212E+006    8.59077658452624E+002    9.99999999999999E-001    3.54490770181103E+000    1.22000000000000E+000    5.11388670091891E-001
   6.32160804020100E+000    4.68307162904507E-001    4.46157690467785E+002    2.82797579893462E+005    2.84440103875008E+006    8.58326180251571E+002    9.99999999999999E-001    3.54490770181103E+000    1.22000000000000E+000    5.19799699383536E-001
   6.36432160804020E+000    4.64580060507971E-001    4.53050171381527E+002    2.80050129867234E+005    2.84263964864465E+006    8.57565935343144E+002    9.99999999999999E-001    3.54490770181103E+000    1.22000000000000E+000    5.28297770130345E-001
   6.40703517587940E+000    4.60852424555596E-001    4.59993534089369E+002    2.77305203117027E+005    2.84089860882154E+006    8.56797096697510E+002    9.99999999999999E-001    3.54490770181103E+000    1.22000000000000E+000    5.36875691878971E-001
   6.44974874371859E+000    4.57128091005236E-001    4.66982618097222E+002    2.74565315522349E+005    2.83917742209145E+006    8.56019774856378E+002    9.99999999999999E-001    3.54490770181103E+000    1.22000000000000E+000    5.45527839208589E-001
   6.49246231155779E+000    4.53410147229586E-001    4.74013306446330E+002    2.71832555703395E+005    2.83747636156534E+006    8.55234145338564E+002    9.99999999999999E-001    3.54490770181103E+000    1.22000000000000E+000    5.54249744388633E-001
   6.53517587939698E+000    4.49700947881671E-001    4.81082284855239E+002    2.69108666215174E+005    2.83579709320315E+006    8.54440559488697E+002    9.99999999999999E-001    3.54490770181103E+000    1.22000000000000E+000    5.63037743834541E-001
   6.57788944723618E+000    4.46002123619246E-001    4.88186843133940E+002    2.66395100061873E+005    2.83414313609604E+006    8.53639628695269E+002    9.99999999999999E-001    3.54490770181103E+000    1.22000000000000E+000    5.71888683143847E-001
   6.62060301507538E+000    4.42314614923569E-001    4.95324722286393E+002    2.63693064965609E+005    2.83252008326560E+006    8.52832269115270E+002    9.99999999999999E-001    3.54490770181103E+000    1.22000000000000E+000    5.80799695584038E-001
   6.66331658291457E+000    4.38638759009675E-001    5.02494006594947E+002    2.61003563204061E+005    2.83093547999731E+006    8.52019690155685E+002    9.99999999999999E-001    3.54490770181103E+000    1.22000000000000E+000    5.89768068039752E-001
   6.70603015075377E+000    4.34974446041712E-001    5.09693052861187E+002    2.58327429581730E+005    2.82939826737779E+006    8.51203312066211E+002    9.99999999999999E-001    3.54490770181103E+000    1.22000000000000E+000    5.98791200217440E-001
   6.74874371859296E+000    4.31321339787618E-001    5.16920444662437E+002    2.55665366471061E+005    2.82791778539873E+006    8.50384611968641E+002    9.99999999999999E-001    3.54490770181103E+000    1.22000000000000E+000    6.07866649263285E-001
   6.79145728643216E+000    4.27679130806019E-001    5.24174959420080E+002    2.53017973566912E+005    2.82650248538263E+006    8.49564922296085E+002    9.99999999999999E-001    3.54490770181103E+000    1.22000000000000E+000    6.16992234099559E-001
   6.83417085427136E+000    4.24047767068321E-001    5.31455539319565E+002    2.50385770594701E+005    2.82515866330774E+006    8.48745231230844E+002    9.99999999999999E-001    3.54490770181103E+000    1.22000000000000E+000    6.26166156537754E-001
   6.87688442211055E+000    4.20427600048254E-001    5.38761261953475E+002    2.47769212816786E+005    2.82388960506197E+006    8.47926047370883E+002    9.99999999999999E-001    3.54490770181103E+000    1.22000000000000E+000    6.35387087852746E-001
   6.91959798994975E+000    4.16819401426937E-001    5.46091310966735E+002    2.45168700844815E+005    2.82269546610747E+006    8.47107380141899E+002    9.99999999999999E-001    3.54490770181103E+000    1.22000000000000E+000    6.44654176989060E-001
   6.96231155778894E+000    4.13224243563956E-001    5.53444949465385E+002    2.42584587185692E+005    2.82157399193163E+006    8.46288853378171E+002    9.99999999999999E-001    3.54490770181103E+000    1.22000000000000E+000    6.53966960874142E-001
   7.00502512562814E+000    4.09643281888535E-001    5.60821499195693E+002    2.40017181764261E+005    2.82052189760817E+006    8.45469923850983E+002    9.99999999999999E-001    3.54490770181103E+000    1.22000000000000E+000    6.63325191558843E-001
   7.04773869346734E+000    4.06077511044469E-001    5.68220327220981E+002    2.37466757607360E+005    2.81953648221914E+006    8.44650137846298E+002    9.99999999999999E-001    3.54490770181103E+000    1.22000000000000E+000    6.72728626635684E-001
   7.09045226130653E+000    4.02527575067559E-001    5.75640840167720E+002    2.34933556540258E+005    2.81861695880126E+006    8.43829343390261E+002    9.99999999999999E-001    3.54490770181103E+000    1.22000000000000E+000    6.82176846155839E-001
   7.13316582914573E+000    3.98993692059745E-001    5.83082485095924E+002    2.32417793745271E+005    2.81776507094606E+006    8.43007789579671E+002    9.99999999999999E-001    3.54490770181103E+000    1.22000000000000E+000    6.91669154547970E-001
   7.17587939698492E+000    3.95475714337406E-001    5.90544756057761E+002    2.29919659740191E+005    2.81698480368034E+006    8.42186081630682E+002    9.99999999999999E-001    3.54490770181103E+000    1.22000000000000E+000    7.01204601855114E-001
   7.21859296482412E+000    3.91973301517371E-001    5.98027206058247E+002    2.27439318783366E+005    2.81628128397917E+006    8.41365005845424E+002    9.99999999999999E-001    3.54490770181103E+000    1.22000000000000E+000    7.10782124171346E-001
   7.26130653266332E+000    3.88486151631195E-001    6.05529464613012E+002    2.24976903604293E+005    2.81565920186845E+006    8.40545276376022E+002    9.99999999999999E-001    3.54490770181103E+000    1.22000000000000E+000    7.20400770347230E-001
   7.30402010050251E+000    3.85014223352097E-001    6.13051260714936E+002    2.22532507290026E+005    2.81512119454053E+006    8.39727273927450E+002    9.99999999999999E-001    3.54490770181103E+000    1.22000000000000E+000    7.30059960834262E-001
   7.34673366834171E+000    3.81557891125233E-001    6.20592449484927E+002    2.20106173898904E+005    2.81466660915433E+006    8.38910842974042E+002    9.99999999999999E-001    3.54490770181103E+000    1.22000000000000E+000    7.39759719024313E-001
   7.38944723618090E+000    3.78117998521554E-001    6.28153038107014E+002    2.17697889964240E+005    2.81429092655080E+006    8.38095193503964E+002    9.99999999999999E-001    3.54490770181103E+000    1.22000000000000E+000    7.49500823982524E-001
   7.43216080402010E+000    3.74695803409039E-001    6.35733203165781E+002    2.15307579665696E+005    2.81398595293737E+006    8.37278925971431E+002    9.99999999999999E-001    3.54490770181103E+000    1.22000000000000E+000    7.59284849344785E-001
   7.47487437185930E+000    3.71292833689646E-001    6.43333287767609E+002    2.12935107108559E+005    2.81374072233990E+006    8.36460172372908E+002    9.99999999999999E-001    3.54490770181103E+000    1.22000000000000E+000    7.69114070240275E-001
   7.51758793969849E+000    3.67910688436684E-001    6.50953764373287E+002    2.10580289601207E+005    2.81354293969911E+006    8.35636828535840E+002    9.99999999999999E-001    3.54490770181103E+000    1.22000000000000E+000    7.78991234163118E-001
   7.56030150753769E+000    3.64550826155581E-001    6.58595150279041E+002    2.08242925240970E+005    2.81338072872760E+006    8.34806841989193E+002    9.99999999999999E-001    3.54490770181103E+000    1.22000000000000E+000    7.88919205201683E-001
   7.60301507537688E+000    3.61214379664628E-001    6.66257871386502E+002    2.05922835448287E+005    2.81324442247299E+006    8.33968514527254E+002    9.99999999999999E-001    3.54490770181103E+000    1.22000000000000E+000    7.98900509768260E-001
   7.64572864321608E+000    3.57902026293388E-001    6.73942089858450E+002    2.03619916928363E+005    2.81312813172033E+006    8.33120775722793E+002    9.99999999999999E-001    3.54490770181103E+000    1.22000000000000E+000    8.08936842648963E-001
   7.68844221105528E+000    3.54613924549867E-001    6.81647545549864E+002    2.01334187814661E+005    2.81303083635622E+006    8.32263381010652E+002    9.99999999999999E-001    3.54490770181103E+000    1.22000000000000E+000    8.19028640575428E-001
   7.73115577889447E+000    3.51349700709197E-001    6.89373502379359E+002    1.99065801302396E+005    2.81295681185190E+006    8.31396993307650E+002    9.99999999999999E-001    3.54490770181103E+000    1.22000000000000E+000    8.29174880265972E-001
   7.77386934673367E+000    3.48108451227647E-001    6.97118920105916E+002    1.96814993644866E+005    2.81291525543415E+006    8.30523111000315E+002    9.99999999999999E-001    3.54490770181103E+000    1.22000000000000E+000    8.39373294821716E-001
   7.81658291457286E+000    3.44888711135564E-001    7.04882953649096E+002    1.94581941124066E+005    2.81291917130208E+006    8.29643837127457E+002    9.99999999999999E-001    3.54490770181103E+000    1.22000000000000E+000    8.49621153204330E-001
   7.85929648241206E+000    3.41688376104691E-001    7.12665791104139E+002    1.92366528360155E+005    2.81298359797507E+006    8.28761497776046E+002    9.99999999999999E-001    3.54490770181103E+000    1.22000000000000E+000    8.59916626214603E-001
   7.90201005025126E+000    3.38504580431243E-001    7.20469711709729E+002    1.90168068497461E+005    2.81312357550871E+006    8.27878183798578E+002    9.99999999999999E-001    3.54490770181103E+000    1.22000000000000E+000    8.70260535679267E-001
   7.94472361809045E+000    3.35333581659596E-001    7.28300170612138E+002    1.87985030231097E+005    2.81335205247026E+006    8.26995268483733E+002    9.99999999999999E-001    3.54490770181103E+000    1.22000000000000E+000    8.80658207328623E-001
   7.98743718592965E+000    3.32170622573719E-001    7.36166811138847E+002    1.85814805302057E+005    2.81367834132634E+006    8.26113011400397E+002    9.99999999999999E-001    3.54490770181103E+000    1.22000000000000E+000    8.91121191628400E-001
   8.03015075376884E+000    3.29009773660518E-001    7.44084314419819E+002    1.83653528048729E+005    2.81410722399587E+006    8.25230276985586E+002    9.99999999999999E-001    3.54490770181103E+000    1.22000000000000E+000    9.01668704083206E-001
   8.07286432160804E+000    3.25843947168217E-001    7.52072594529699E+002    1.81496100784133E+005    2.81463903517408E+006    8.24344483384175E+002    9.99999999999999E-001    3.54490770181103E+000    1.22000000000000E+000    9.12328049363807E-001
   8.11557788944724E+000    3.22665588447173E-001    7.60154745962331E+002    1.79336789516977E+005    2.81527076675694E+006    8.23451993065526E+002    9.99999999999999E-001    3.54490770181103E+000    1.22000000000000E+000    9.23131830833812E-001
   8.15829145728643E+000    3.19468688036412E-001    7.68351797702791E+002    1.77170685992628E+005    2.81599673897419E+006    8.22548850129419E+002    9.99999999999999E-001    3.54490770181103E+000    1.22000000000000E+000    9.34110840446619E-001
   8.20100502512563E+000    3.16249842481336E-001    7.76678264743912E+002    1.74994755246097E+005    2.81681172347727E+006    8.21631862665927E+002    9.99999999999999E-001    3.54490770181103E+000    1.22000000000000E+000    9.45287421332280E-001
   8.24371859296482E+000    3.13004024879280E-001    7.85154063397581E+002    1.72804837693175E+005    2.81771087855268E+006    8.20697106967450E+002    9.99999999999999E-001    3.54490770181103E+000    1.22000000000000E+000    9.56691642668020E-001
   8.28643216080402E+000    3.09708971860394E-001    7.93841945517627E+002    1.70585922844113E+005    2.81870277341705E+006    8.19737148578844E+002    9.99999999999999E-001    3.54490770181103E+000    1.22000000000000E+000    9.68410357995718E-001
   8.32914572864322E+000    3.06323387964325E-001    8.02861115871022E+002    1.68310025881073E+005    2.81980248788785E+006    8.18737778773042E+002    9.99999999999999E-001    3.54490770181103E+000    1.22000000000000E+000    9.80608366544642E-001
   8.37185929648241E+000    3.02821281760893E-001    8.12282801951958E+002    1.65961395909396E+005    2.82104092740737E+006    8.17692959062007E+002    9.99999999999999E-001    3.54490770181103E+000    1.22000000000000E+000    9.93383632511334E-001
   8.41457286432161E+000    2.03362061813102E-002    1.83923037311815E+003    6.15246287134235E+003    3.06655416646957E+006    6.07532405426826E+002    9.99999999999999E-001    3.54490770181103E+000    1.22000000000000E+000    3.02737822162093E+000
   8.45728643216080E+000    2.03362061813102E-002    1.83923037311815E+003    6.15246287134235E+003    3.06655416646957E+006    6.07532405426826E+002    9.99999999999999E-001    3.54490770181103E+000    1.22000000000000E+000    3.02737822162093E+000
   8.50000000000000E+000    2.03362061813102E-002    1.83923037311815E+003    6.15246287134235E+003    3.06655416646957E+006    6.07532405426826E+002    9.99999999999999E-001    3.54490770181103E+000    1.22000000000000E+000    3.02737822162093E+000
