# x rho u p E a A P k M
   0.00000000000000E+000    5.82584538850148E+000   -1.62820723102114E+000    7.79372313156159E+006    6.08083798904461E+006    1.27753534608146E+003    1.00852343655793E+000    3.55998304448970E+000    1.22000000000000E+000   -1.27449094540929E-003
   4.27135678391960E-002    5.60726752995688E+000    8.38868995070354E-001    7.76350491731303E+006    6.29337917255592E+006    1.29967029491226E+003    1.00852343655793E+000    3.55998304448970E+000    1.22000000000000E+000    6.45447540314053E-004
   8.54271356783920E-002    4.54794006164006E+000   -1.76617340374568E+002    6.42982845991235E+006    6.44191130647786E+006    1.31332509385234E+003    1.00852343655793E+000    3.55998304448970E+000    1.22000000000000E+000   -1.34481052103026E-001
   1.28140703517588E-001    4.54794006164006E+000    1.76617340374568E+002    3.98649364514566E+006    6.44191130647786E+006    9.98053413621954E+002    1.00852343655793E+000    3.55998304448970E+000    1.13640000000000E+000    1.76961811826905E-001
   1.70854271356784E-001    5.60263300604949E+000   -8.38868995070354E-001    4.80939469522226E+006    6.29337917255592E+006    9.87676532255513E+002    1.00935769180414E+000    3.56145515732895E+000    1.13640000000000E+000   -8.49335756874436E-004
   2.13567839195980E-001    5.80961637075976E+000    1.62820723102114E+000    4.81864757033659E+006    6.08083798904461E+006    9.70855212580491E+002    1.01134072150419E+000    3.56495193850001E+000    1.13640000000000E+000    1.67708553234569E-003
   2.56281407035176E-001    5.98089335735920E+000    3.12618120859310E+000    4.82624546643349E+006    5.91601595118945E+006    9.57606943605283E+002    1.01212413244246E+000    3.56633242365441E+000    1.13640000000000E+000    3.26457658799274E-003
   2.98994974874372E-001    6.09210596406985E+000    2.92484976054006E+000    4.82254326539660E+006    5.80356207019868E+006    9.48462041166975E+002    1.01273256676245E+000    3.56740420574515E+000    1.13640000000000E+000    3.08378156804395E-003
   3.41708542713568E-001    6.13313322133890E+000    2.25753317883670E+000    4.81570772564663E+006    5.75656674479115E+006    9.44614208566492E+002    1.01328973760726E+000    3.56838540274163E+000    1.13640000000000E+000    2.38989966312558E-003
   3.84422110552764E-001    6.13064739060897E+000    1.67645070815500E+000    4.80958309093262E+006    5.75157556276105E+006    9.44204703559056E+002    1.01369049422477E+000    3.56909098212435E+000    1.13640000000000E+000    1.77551615855740E-003
   4.27135678391960E-001    6.11679488390357E+000    1.63375639211983E+000    4.80649533117473E+006    5.76090001348239E+006    9.44969771626226E+002    1.01397298794053E+000    3.56958826188818E+000    1.13640000000000E+000    1.72889804645100E-003
   4.69849246231156E-001    6.10367593523416E+000    2.83878198202271E+000    4.81096807841121E+006    5.77865731009951E+006    9.46424809817322E+002    1.01392317623817E+000    3.56950058230798E+000    1.13640000000000E+000    2.99947967611991E-003
   5.12562814070352E-001    6.09110346552769E+000    4.79728029999337E+000    4.81934520563109E+006    5.80067522190574E+006    9.48225525447559E+002    1.01396533450579E+000    3.56957479029540E+000    1.13640000000000E+000    5.05921868927656E-003
   5.55276381909548E-001    6.07224967776006E+000    5.85786258494081E+000    4.82295650355105E+006    5.82305153895585E+006    9.50052215097018E+002    1.01391284726162E+000    3.56948240076201E+000    1.13640000000000E+000    6.16583224780188E-003
   5.97989949748744E-001    6.04608699520858E+000    5.84455579985900E+000    4.81996860653523E+006    5.84462587720515E+006    9.51810565667832E+002    1.01392716571079E+000    3.56950760473886E+000    1.13640000000000E+000    6.14046114917647E-003
   6.40703517587940E-001    6.01825263007145E+000    5.50816367463941E+000    4.81539282652164E+006    5.86608105983966E+006    9.53556138159817E+002    1.01389748489645E+000    3.56945535903945E+000    1.13640000000000E+000    5.77644404373415E-003
   6.83417085427136E-001    5.99024820387211E+000    5.23290830201848E+000    4.81087293182976E+006    5.88797162126143E+006    9.55333807293991E+002    1.01391617837341E+000    3.56948826435037E+000    1.13640000000000E+000    5.47757052253895E-003
   7.26130653266332E-001    5.96483970560950E+000    5.34467838493855E+000    4.80885583057762E+006    5.91057399938393E+006    9.57165645250449E+002    1.01387927194025E+000    3.56942329927648E+000    1.13640000000000E+000    5.58385939932067E-003
   7.68844221105528E-001    5.94459592037768E+000    6.32061776534265E+000    4.81153617420011E+006    5.93401319608046E+006    9.59061198181667E+002    1.01389590135912E+000    3.56945257159391E+000    1.13640000000000E+000    6.59042173463615E-003
   8.11557788944724E-001    5.92888928522219E+000    7.90348715141710E+000    4.81797073204185E+006    5.95770127350632E+006    9.60972635609841E+002    1.01385861737867E+000    3.56938694127467E+000    1.13640000000000E+000    8.22446639846460E-003
   8.54271356783920E-001    5.91027492009202E+000    8.94150459046726E+000    4.82103863652597E+006    5.98027922248103E+006    9.62791122366186E+002    1.01387968437000E+000    3.56942402526835E+000    1.13640000000000E+000    9.28706588869695E-003
   8.96984924623116E-001    5.88756737743971E+000    9.08897925186387E+000    4.81925940829693E+006    6.00112996818244E+006    9.64467992329659E+002    1.01385162797242E+000    3.56937463781442E+000    1.13640000000000E+000    9.42382673572149E-003
   9.39698492462312E-001    5.86436043661258E+000    8.97455318245654E+000    4.81575266395885E+006    6.02049296279355E+006    9.66022788875334E+002    1.01385954857036E+000    3.56938858044932E+000    1.13640000000000E+000    9.29020856009507E-003
   9.82412060301508E-001    5.84296652477419E+000    8.86331968278903E+000    4.81241470514614E+006    6.03834748894001E+006    9.67454248280324E+002    1.01384005667408E+000    3.56935426875078E+000    1.13640000000000E+000    9.16148716959362E-003
   1.02512562814070E+000    5.82464268855629E+000    8.99035738651493E+000    4.81026797489001E+006    6.05464258025062E+006    9.68758673101735E+002    1.01385252239587E+000    3.56937621227146E+000    1.13640000000000E+000    9.28028582983411E-003
   1.06783919597990E+000    5.81176816868219E+000    9.65761353582202E+000    4.81136584372707E+006    6.06944618958891E+006    9.69941768985069E+002    1.01383084925536E+000    3.56933806076327E+000    1.13640000000000E+000    9.95690034663379E-003
   1.11055276381910E+000    5.80458128574090E+000    1.09516949953993E+001    4.81590530654467E+006    6.08270778142083E+006    9.70999784105317E+002    1.01383479448477E+000    3.56934500563174E+000    1.13640000000000E+000    1.12787821116667E-002
   1.15326633165829E+000    5.79800078677293E+000    1.19885757155682E+001    4.81910860537602E+006    6.09367370089663E+006    9.71873710490796E+002    1.01382771934628E+000    3.56933255111034E+000    1.13640000000000E+000    1.23355283573973E-002
   1.19597989949749E+000    5.78886714675690E+000    1.23037456856957E+001    4.81814495494429E+006    6.10207155126787E+006    9.72542864982695E+002    1.01383073711048E+000    3.56933786335214E+000    1.13640000000000E+000    1.26511088906242E-002
   1.23869346733668E+000    5.77992474897249E+000    1.23712680250200E+001    4.81582992953498E+006    6.10857664672403E+006    9.73061055207591E+002    1.01381188729714E+000    3.56930468144971E+000    1.13640000000000E+000    1.27137633952278E-002
   1.28140703517588E+000    5.77197729440231E+000    1.24157247436983E+001    4.81325197657213E+006    6.11371357944334E+006    9.73470072374420E+002    1.01381217129216E+000    3.56930518137711E+000    1.13640000000000E+000    1.27540898236498E-002
   1.32412060301508E+000    5.76581296215329E+000    1.25823794896289E+001    4.81143058079965E+006    6.11793590779878E+006    9.73806007769044E+002    1.01379787815145E+000    3.56928002052264E+000    1.13640000000000E+000    1.29208275459860E-002
   1.36683417085427E+000    5.76195456960386E+000    1.30289106929054E+001    4.81112792682507E+006    6.12165325221890E+006    9.74101360872292E+002    1.01380069735567E+000    3.56928498330788E+000    1.13640000000000E+000    1.33753131001051E-002
   1.40954773869347E+000    5.76201835550203E+000    1.40257117935187E+001    4.81404122602661E+006    6.12530574389598E+006    9.74390848421040E+002    1.01378698603025E+000    3.56926084651574E+000    1.13640000000000E+000    1.43943385924106E-002
   1.45226130653266E+000    5.76244846999166E+000    1.50301386935054E+001    4.81694760280118E+006    6.12856083490270E+006    9.74648561722920E+002    1.01378979536845E+000    3.56926579195992E+000    1.13640000000000E+000    1.54210853878819E-002
   1.49497487437186E+000    5.76006294270497E+000    1.54903925882612E+001    4.81688786101239E+006    6.13102991319143E+006    9.74844320677724E+002    1.01376931636112E+000    3.56922974139510E+000    1.13640000000000E+000    1.58901193346360E-002
   1.53768844221106E+000    5.75622768341065E+000    1.56924904984882E+001    4.81524137631549E+006    6.13302093328877E+006    9.75002348267880E+002    1.01377154281933E+000    3.56923366079588E+000    1.13640000000000E+000    1.60948232856734E-002
   1.58040201005025E+000    5.75246708810945E+000    1.58709539492488E+001    4.81348859599138E+006    6.13479917077915E+006    9.75143465441666E+002    1.01376229667781E+000    3.56921738409379E+000    1.13640000000000E+000    1.62755066425641E-002
   1.62311557788945E+000    5.74905467602813E+000    1.60996433657299E+001    4.81193498306872E+006    6.13646290962784E+006    9.75275396654969E+002    1.01376333092621E+000    3.56921920476538E+000    1.13640000000000E+000    1.65077919743992E-002
   1.66582914572864E+000    5.74652196901919E+000    1.64515261103449E+001    4.81111582439347E+006    6.13812807043152E+006    9.75407258418639E+002    1.01376323919870E+000    3.56921904329002E+000    1.13640000000000E+000    1.68663150374917E-002
   1.70854271356784E+000    5.74638818319506E+000    1.71865493857276E+001    4.81249403552250E+006    6.14004169030696E+006    9.75558314052596E+002    1.01375381813698E+000    3.56920245859365E+000    1.13640000000000E+000    1.76171420387291E-002
   1.75125628140704E+000    5.74767386485736E+000    1.81514933965267E+001    4.81517005497746E+006    6.14209868897219E+006    9.75720362777094E+002    1.01375542520816E+000    3.56920528766321E+000    1.13640000000000E+000    1.86031716555181E-002
   1.79396984924623E+000    5.74705335755490E+000    1.87733047353525E+001    4.81597812476253E+006    6.14380414678834E+006    9.75854907904597E+002    1.01374102427562E+000    3.56917993634777E+000    1.13640000000000E+000    1.92378032669461E-002
   1.83668341708543E+000    5.74459436497896E+000    1.90929778152934E+001    4.81500199655668E+006    6.14519424302222E+006    9.75964822592588E+002    1.01374290545321E+000    3.56918324797177E+000    1.13640000000000E+000    1.95631823743136E-002
   1.87939698492462E+000    5.74181221635126E+000    1.93567936224342E+001    4.81368873191047E+006    6.14650000118757E+006    9.76068106113380E+002    1.01374282315464E+000    3.56918310309348E+000    1.13640000000000E+000    1.98313964990735E-002
   1.92211055276382E+000    5.73912738244283E+000    1.96350058758340E+001    4.81243701009547E+006    6.14778174857051E+006    9.76169444423948E+002    1.01373181477270E+000    3.56916372389957E+000    1.13640000000000E+000    2.01143418163646E-002
   1.96482412060302E+000    5.73667527247662E+000    1.99548278827740E+001    4.81139328831312E+006    6.14908197259607E+006    9.76272167014340E+002    1.01373429657678E+000    3.56916809288531E+000    1.13640000000000E+000    2.04398205305805E-002
   2.00753768844221E+000    5.73538270998363E+000    2.04502620875827E+001    4.81143109122656E+006    6.15052605556037E+006    9.76386005972749E+002    1.01372233396378E+000    3.56914703376619E+000    1.13640000000000E+000    2.09448537386692E-002
   2.05025125628141E+000    5.73585704816377E+000    2.12453444193455E+001    4.81314260456472E+006    6.15222161691694E+006    9.76519269528692E+002    1.01372471190820E+000    3.56915121993632E+000    1.13640000000000E+000    2.17561957887419E-002
   2.09296482412060E+000    5.73597406293811E+000    2.19707985979669E+001    4.81450336211962E+006    6.15385102965522E+006    9.76647337072715E+002    1.01372388002249E+000    3.56914975547242E+000    1.13640000000000E+000    2.24961434531932E-002
   2.13567839195980E+000    5.73446017774239E+000    2.24189155498324E+001    4.81429024232694E+006    6.15521304645136E+006    9.76754625639258E+002    1.01371139736417E+000    3.56912778074394E+000    1.13640000000000E+000    2.29524539340266E-002
   2.17839195979899E+000    5.73210765829053E+000    2.27418159075203E+001    4.81327483514000E+006    6.15644769301102E+006    9.76852007662804E+002    1.01371499605918E+000    3.56913411597452E+000    1.13640000000000E+000    2.32807177843980E-002
   2.22110552763819E+000    5.72969401692957E+000    2.30495769482469E+001    4.81218293491429E+006    6.15765091132038E+006    9.76946906158821E+002    1.01370423197265E+000    3.56911516658018E+000    1.13640000000000E+000    2.35934796486266E-002
   2.26381909547739E+000    5.72733594542628E+000    2.33763200289893E+001    4.81114117027328E+006    6.15886009899132E+006    9.77042226251426E+002    1.01370643218726E+000    3.56911903990675E+000    1.13640000000000E+000    2.39255985062961E-002
   2.30653266331658E+000    5.72558134234831E+000    2.37874883253883E+001    4.81066256637431E+006    6.16014425946227E+006    9.77143316086397E+002    1.01369859245785E+000    3.56910523858285E+000    1.13640000000000E+000    2.43439093670114E-002
   2.34924623115578E+000    5.72512283428485E+000    2.44183108671775E+001    4.81141724684666E+006    6.16161920469536E+006    9.77259089086739E+002    1.01370077745615E+000    3.56910908513288E+000    1.13640000000000E+000    2.49865272575738E-002
   2.39195979899497E+000    5.72518022397480E+000    2.51281171363969E+001    4.81265991086196E+006    6.16316632041163E+006    9.77380382541432E+002    1.01369991174468E+000    3.56910756110360E+000    1.13640000000000E+000    2.57096598062031E-002
   2.43467336683417E+000    5.72445001243650E+000    2.57061258853400E+001    4.81314068129171E+006    6.16458287470429E+006    9.77491538526578E+002    1.01369212923699E+000    3.56909386047087E+000    1.13640000000000E+000    2.62980546349160E-002
   2.47738693467337E+000    5.72253544031200E+000    2.60967845425434E+001    4.81249023319472E+006    6.16582203331998E+006    9.77588980699573E+002    1.01369436088752E+000    3.56909778916165E+000    1.13640000000000E+000    2.66950477734194E-002
   2.52010050251256E+000    5.72029892112642E+000    2.64308501892434E+001    4.81152022362921E+006    6.16699817807873E+006    9.77681524561004E+002    1.01368276889649E+000    3.56907738208954E+000    1.13640000000000E+000    2.70342125991501E-002
   2.56281407035176E+000    5.71800210019354E+000    2.67638826502879E+001    4.81049059417951E+006    6.16816392337949E+006    9.77773228704293E+002    1.01368567324170E+000    3.56908249504286E+000    1.13640000000000E+000    2.73722800590013E-002
   2.60552763819095E+000    5.71604658374877E+000    2.71426969916162E+001    4.80978259609964E+006    6.16937612595018E+006    9.77868499101891E+002    1.01368473081041E+000    3.56908083594089E+000    1.13640000000000E+000    2.77570010860816E-002
   2.64824120603015E+000    5.71511560762274E+000    2.76803674453882E+001    4.81004259760642E+006    6.17072930939879E+006    9.77974573882934E+002    1.01366890393365E+000    3.56905297342047E+000    1.13640000000000E+000    2.83037700412666E-002
   2.69095477386935E+000    5.71501530497652E+000    2.83628478388177E+001    4.81109757407914E+006    6.17221008036833E+006    9.78090399534160E+002    1.01367213746917E+000    3.56905866593522E+000    1.13640000000000E+000    2.89981865196982E-002
   2.73366834170854E+000    5.71473475680575E+000    2.90126985322079E+001    4.81197470848703E+006    6.17365697727623E+006    9.78203565796260E+002    1.01367171269813E+000    3.56905791814268E+000    1.13640000000000E+000    2.96591625165376E-002
   2.77638190954774E+000    5.71346361718813E+000    2.94997047164328E+001    4.81189351281918E+006    6.17494046737460E+006    9.78304121919550E+002    1.01366090968310E+000    3.56903889981130E+000    1.13640000000000E+000    3.01539204992317E-002
   2.81909547738693E+000    5.71142278766759E+000    2.98700038020737E+001    4.81107287718458E+006    6.17610436370758E+006    9.78395452162503E+002    1.01366333105398E+000    3.56904316255914E+000    1.13640000000000E+000    3.05295816083910E-002
   2.86180904522613E+000    5.70919496572970E+000    3.02065466499123E+001    4.81006497438508E+006    6.17723003299580E+006    9.78483815995075E+002    1.01366323864380E+000    3.56904299987400E+000    1.13640000000000E+000    3.08707677696166E-002
   2.90452261306533E+000    5.70712380519452E+000    3.05599364391018E+001    4.80919669125786E+006    6.17836697279612E+006    9.78573014733475E+002    1.01365624865385E+000    3.56903069420051E+000    1.13640000000000E+000    3.12290815084709E-002
   2.94723618090452E+000    5.70560703591525E+000    3.10004776938324E+001    4.80885283838866E+006    6.17958102437779E+006    9.78668088435374E+002    1.01365898372490E+000    3.56903550921838E+000    1.13640000000000E+000    3.16761914076445E-002
   2.98994974874372E+000    5.70507233494424E+000    3.15997797587641E+001    4.80944381120064E+006    6.18093834868608E+006    9.78774086141892E+002    1.01365876507372E+000    3.56903512428920E+000    1.13640000000000E+000    3.22850596538812E-002
   3.03266331658291E+000    5.70490373695645E+000    3.22573292814772E+001    4.81037074589321E+006    6.18233319968681E+006    9.78882866464849E+002    1.01364524427287E+000    3.56901132122266E+000    1.13640000000000E+000    3.29532065444885E-002
   3.07537688442211E+000    5.70416550074455E+000    3.28363750893912E+001    4.81075145279285E+006    6.18364140959778E+006    9.78984945768598E+002    1.01364809413458E+000    3.56901633835346E+000    1.13640000000000E+000    3.35412461972145E-002
   3.11809045226131E+000    5.70257477108172E+000    3.32684607669939E+001    4.81030007966641E+006    6.18480016656961E+006    9.79075545307887E+002    1.01363898566019E+000    3.56900030302171E+000    1.13640000000000E+000    3.39794624903353E-002
   3.16080402010050E+000    5.70048187559783E+000    3.36268762399216E+001    4.80936149162443E+006    6.18587554520771E+006    9.79159718441359E+002    1.01364312067399E+000    3.56900758266005E+000    1.13640000000000E+000    3.43425853888775E-002
   3.20351758793970E+000    5.69836612704470E+000    3.39689406332520E+001    4.80839155875534E+006    6.18693576058549E+006    9.79242718042151E+002    1.01364331736190E+000    3.56900792892620E+000    1.13640000000000E+000    3.46889897748413E-002
   3.24623115577889E+000    5.69656843777281E+000    3.43517411239986E+001    4.80771252559023E+006    6.18802718846043E+006    9.79328060782266E+002    1.01363564086598E+000    3.56899441454387E+000    1.13640000000000E+000    3.50768475852302E-002
   3.28894472361809E+000    5.69551672682244E+000    3.48582162699319E+001    4.80774491564617E+006    6.18922895510079E+006    9.79421775192683E+002    1.01363844723958E+000    3.56899935513810E+000    1.13640000000000E+000    3.55906077982330E-002
   3.33165829145729E+000    5.69516045863719E+000    3.54763804161042E+001    4.80843049247077E+006    6.19052037437632E+006    9.79522240909643E+002    1.01363120160615E+000    3.56898659925491E+000    1.13640000000000E+000    3.62180448124983E-002
   3.37437185929648E+000    5.69472353849746E+000    3.60966652774369E+001    4.80903294661595E+006    6.19179308196761E+006    9.79621179666345E+002    1.01363540365635E+000    3.56899399693824E+000    1.13640000000000E+000    3.68475753961661E-002
   3.41708542713568E+000    5.69364754016757E+000    3.66134185678619E+001    4.80901367511844E+006    6.19295706964710E+006    9.79711777769529E+002    1.01363590871252E+000    3.56899488608547E+000    1.13640000000000E+000    3.73716223471542E-002
   3.45979899497487E+000    5.69188555379458E+000    3.70120447000817E+001    4.80832202977708E+006    6.19399776818619E+006    9.79792940530223E+002    1.01362546889041E+000    3.56897650681963E+000    1.13640000000000E+000    3.77753739275283E-002
   3.50251256281407E+000    5.68985243724196E+000    3.73637560933129E+001    4.80736491897052E+006    6.19499062439523E+006    9.79870438668641E+002    1.01362942869996E+000    3.56898347805994E+000    1.13640000000000E+000    3.81313228961977E-002
   3.54522613065327E+000    5.68794857294466E+000    3.77209719212063E+001    4.80652206881335E+006    6.19599100592568E+006    9.79948499639976E+002    1.01362993866670E+000    3.56898437585484E+000    1.13640000000000E+000    3.84928105253129E-002
   3.58793969849246E+000    5.68659426639746E+000    3.81599197259829E+001    4.80619440534589E+006    6.19706067722561E+006    9.80031777479898E+002    1.01362213579027E+000    3.56897063888999E+000    1.13640000000000E+000    3.89374310128077E-002
   3.63065326633166E+000    5.68601907275108E+000    3.87385264895030E+001    4.80660949943230E+006    6.19824495036679E+006    9.80123668058759E+002    1.01362678695639E+000    3.56897882727483E+000    1.13640000000000E+000    3.95241210389592E-002
   3.67336683417085E+000    5.68575938105555E+000    3.93785422225755E+001    4.80732024412128E+006    6.19946946738459E+006    9.80218514451994E+002    1.01362808938091E+000    3.56898112019176E+000    1.13640000000000E+000    4.01732283587713E-002
   3.71608040201005E+000    5.68520271713697E+000    3.99760766970318E+001    4.80773274032740E+006    6.20063205443733E+006    9.80308557490776E+002    1.01361977958213E+000    3.56896649077490E+000    1.13640000000000E+000    4.07790755181773E-002
   3.75879396984925E+000    5.68387048735250E+000    4.04512197332001E+001    4.80739723125051E+006    6.20167156814411E+006    9.80389226763534E+002    1.01362270827940E+000    3.56897164675897E+000    1.13640000000000E+000    4.12603674427736E-002
   3.80150753768844E+000    5.68204526809359E+000    4.08274194778093E+001    4.80657499328579E+006    6.20261782063119E+006    9.80462819279407E+002    1.01361687669040E+000    3.56896138021424E+000    1.13640000000000E+000    4.16409665670092E-002
   3.84422110552764E+000    5.68010106909171E+000    4.11761267980048E+001    4.80563260685572E+006    6.20353853021643E+006    9.80534465656349E+002    1.01362053882164E+000    3.56896782742001E+000    1.13640000000000E+000    4.19935537609506E-002
   3.88693467336683E+000    5.67839702832878E+000    4.15517002589947E+001    4.80491317498112E+006    6.20448658398201E+006    9.80608170139721E+002    1.01362207724802E+000    3.56897053582616E+000    1.13640000000000E+000    4.23733979832885E-002
   3.92964824120603E+000    5.67736144160802E+000    4.20391693340781E+001    4.80482558277958E+006    6.20552542726813E+006    9.80688661675319E+002    1.01361479267467E+000    3.56895771128586E+000    1.13640000000000E+000    4.28669882470775E-002
   3.97236180904523E+000    5.67692199346166E+000    4.26440289872146E+001    4.80530633586017E+006    6.20665219827666E+006    9.80775681001641E+002    1.01361820042176E+000    3.56896371065323E+000    1.13640000000000E+000    4.34799004637465E-002
   4.01507537688442E+000    5.67655083450707E+000    4.32711685740733E+001    4.80584728224005E+006    6.20778354165955E+006    9.80862948827589E+002    1.01361942837102E+000    3.56896587246573E+000    1.13640000000000E+000    4.41154073826468E-002
   4.05778894472362E+000    5.67576944205292E+000    4.38293450716468E+001    4.80598123143378E+006    6.20883537907086E+006    9.80944135221230E+002    1.01361232423253E+000    3.56895336556642E+000    1.13640000000000E+000    4.46807758953185E-002
   4.10050251256281E+000    5.67426659909978E+000    4.42633390018521E+001    4.80542086912500E+006    6.20977465487776E+006    9.81016832568636E+002    1.01361667340214E+000    3.56896102232361E+000    1.13640000000000E+000    4.51198567979262E-002
   4.14321608040201E+000    5.67246754211255E+000    4.46223506138664E+001    4.80456125445215E+006    6.21064875820807E+006    9.81084625785932E+002    1.01360897316867E+000    3.56894746597334E+000    1.13640000000000E+000    4.54826723822322E-002
   4.18592964824121E+000    5.67062137827422E+000    4.49710131343197E+001    4.80365558136412E+006    6.21151511372795E+006    9.81151828895781E+002    1.01361375043099E+000    3.56895587640508E+000    1.13640000000000E+000    4.58349175019441E-002
   4.22864321608040E+000    5.66915778810885E+000    4.53750512231070E+001    4.80310619898263E+006    6.21242624972467E+006    9.81222356477759E+002    1.01360794352725E+000    3.56894565327379E+000    1.13640000000000E+000    4.62433931754138E-002
   4.27135678391960E+000    5.66830959303332E+000    4.59049903542696E+001    4.80314616367074E+006    6.21343158800467E+006    9.81299850328415E+002    1.01361198108262E+000    3.56895276144684E+000    1.13640000000000E+000    4.67797792274261E-002
   4.31407035175879E+000    5.66788389543373E+000    4.65178591237430E+001    4.80358669865390E+006    6.21449633214984E+006    9.81381702957203E+002    1.01361334550107E+000    3.56895516352152E+000    1.13640000000000E+000    4.74003733548022E-002
   4.35678391959799E+000    5.66737566703596E+000    4.71226403040281E+001    4.80393988593393E+006    6.21553873007498E+006    9.81461784598113E+002    1.01360837800505E+000    3.56894641817874E+000    1.13640000000000E+000    4.80127102690237E-002
   4.39949748743719E+000    5.66636973179028E+000    4.76383258343785E+001    4.80380970287634E+006    6.21649795802474E+006    9.81535599157629E+002    1.01361212000678E+000    3.56895300602452E+000    1.13640000000000E+000    4.85344860392863E-002
   4.44221105527638E+000    5.66479058721061E+000    4.80389336253703E+001    4.80312300375298E+006    6.21736102067498E+006    9.81602231460607E+002    1.01361415037465E+000    3.56895658051014E+000    1.13640000000000E+000    4.89393076805553E-002
   4.48492462311558E+000    5.66303314957335E+000    4.83920336509020E+001    4.80225380558763E+006    6.21818188614167E+006    9.81665696703878E+002    1.01360759416035E+000    3.56894503820777E+000    1.13640000000000E+000    4.92958385052947E-002
   4.52763819095477E+000    5.66132170803961E+000    4.87589555745708E+001    4.80142917912878E+006    6.21901125190180E+006    9.81729765859232E+002    1.01361192465010E+000    3.56895266209668E+000    1.13640000000000E+000    4.96663718165822E-002
   4.57035175879397E+000    5.66012569199701E+000    4.92178976494517E+001    4.80109048291722E+006    6.21990889295777E+006    9.81798852635665E+002    1.01360530031564E+000    3.56894099985488E+000    1.13640000000000E+000    5.01303271207997E-002
   4.61306532663317E+000    5.65951584346373E+000    4.98016849516121E+001    4.80131556496326E+006    6.22089947298211E+006    9.81874763763861E+002    1.01361030005154E+000    3.56894980196969E+000    1.13640000000000E+000    5.07210153367271E-002
   4.65577889447236E+000    5.65916361314816E+000    5.04322408438285E+001    4.80178387375917E+006    6.22192487889776E+006    9.81953204752071E+002    1.01361190138882E+000    3.56895262114492E+000    1.13640000000000E+000    5.13591081527779E-002
   4.69849246231156E+000    5.65860210603154E+000    5.10190626448129E+001    4.80204349324664E+006    6.22290829295405E+006    9.82028470238689E+002    1.01360738836463E+000    3.56894467590108E+000    1.13640000000000E+000    5.19527327272012E-002
   4.74120603015075E+000    5.65747937941549E+000    5.14959231586589E+001    4.80175974028815E+006    6.22379970534428E+006    9.82096889805411E+002    1.01361213341104E+000    3.56895302962290E+000    1.13640000000000E+000    5.24346667759656E-002
   4.78391959798995E+000    5.65586223767423E+000    5.18713498543913E+001    4.80099492556509E+006    6.22460687123653E+006    9.82159054357514E+002    1.01361403680371E+000    3.56895638056731E+000    1.13640000000000E+000    5.28135943198358E-002
   4.82663316582915E+000    5.65412635959589E+000    5.22229963972495E+001    4.80010742245439E+006    6.22538500829586E+006    9.82219011334594E+002    1.01360975594933E+000    3.56894884407012E+000    1.13640000000000E+000    5.31683828093404E-002
   4.86934673366834E+000    5.65249991955623E+000    5.26113520098605E+001    4.79932548532583E+006    6.22618206904723E+006    9.82280295657983E+002    1.01361396281353E+000    3.56895625030682E+000    1.13640000000000E+000    5.35604269396635E-002
   4.91206030150754E+000    5.65144812870992E+000    5.31093861598185E+001    4.79908970260537E+006    6.22706102162073E+006    9.82347566060078E+002    1.01360911482478E+000    3.56894771536102E+000    1.13640000000000E+000    5.40637428082867E-002
   4.95477386934673E+000    5.65090899757360E+000    5.37110724519374E+001    4.79934726317903E+006    6.22802127684808E+006    9.82420787441120E+002    1.01361369938138E+000    3.56895578653170E+000    1.13640000000000E+000    5.46721660805213E-002
   4.99748743718593E+000    5.65052247338851E+000    5.43301146970812E+001    4.79974940653259E+006    6.22900241579254E+006    9.82495547813743E+002    1.01361608287433E+000    3.56895998269438E+000    1.13640000000000E+000    5.52980772462298E-002
   5.04020100502512E+000    5.64987628734642E+000    5.48849727295756E+001    4.79989338813470E+006    6.22993180116401E+006    9.82566468109695E+002    1.01360878573814E+000    3.56894713599908E+000    1.13640000000000E+000    5.58587887037971E-002
   5.08291457286432E+000    5.64864406433614E+000    5.53303957962061E+001    4.79947178039544E+006    6.23076784188836E+006    9.82630474758757E+002    1.01361379955991E+000    3.56895596289707E+000    1.13640000000000E+000    5.63084467839145E-002
   5.12562814070352E+000    5.64696931141313E+000    5.56958571380987E+001    4.79861900182326E+006    6.23152841905298E+006    9.82688861457282E+002    1.01361622267755E+000    3.56896022881916E+000    1.13640000000000E+000    5.66770005467492E-002
   5.16834170854271E+000    5.64519919229231E+000    5.60565933939858E+001    4.79766774477581E+006    6.23226666842573E+006    9.82745494203244E+002    1.01361167934661E+000    3.56895223023683E+000    1.13640000000000E+000    5.70408042821233E-002
   5.21105527638191E+000    5.64359285729778E+000    5.64670332771886E+001    4.79687370876034E+006    6.23303170025576E+006    9.82804004222704E+002    1.01361654282837E+000    3.56896079244739E+000    1.13640000000000E+000    5.74550297257368E-002
   5.25376884422111E+000    5.64257924534025E+000    5.69861622837062E+001    4.79664960853125E+006    6.23388936849380E+006    9.82869314250671E+002    1.01361891207526E+000    3.56896496352392E+000    1.13640000000000E+000    5.79793889761955E-002
   5.29648241206030E+000    5.64210940633805E+000    5.75881018860391E+001    4.79694421796447E+006    6.23482565196186E+006    9.82940421582136E+002    1.01361158432212E+000    3.56895206294502E+000    1.13640000000000E+000    5.85875813239480E-002
   5.33919597989950E+000    5.64171852728979E+000    5.81924734059351E+001    4.79731589415465E+006    6.23577548692065E+006    9.83012552470185E+002    1.01361717459141E+000    3.56896190467134E+000    1.13640000000000E+000    5.91980979893948E-002
   5.38190954773869E+000    5.64101935660426E+000    5.87263862540671E+001    4.79738796050795E+006    6.23667303784739E+006    9.83080853799588E+002    1.01361986470296E+000    3.56896664063058E+000    1.13640000000000E+000    5.97370867585212E-002
   5.42462311557789E+000    5.63976242436247E+000    5.91618279871025E+001    4.79691371019275E+006    6.23747178669430E+006    9.83141798862627E+002    1.01361372474561E+000    3.56895583118569E+000    1.13640000000000E+000    6.01762920217057E-002
   5.46733668341709E+000    5.63803757893371E+000    5.95377321058497E+001    4.79599014861790E+006    6.23820084541554E+006    9.83197511314466E+002    1.01361862738243E+000    3.56896446232036E+000    1.13640000000000E+000    6.05552103424793E-002
   5.51005025125628E+000    5.63628937118258E+000    5.99200662668328E+001    4.79503664569005E+006    6.23891777001074E+006    9.83252222661163E+002    1.01361371376070E+000    3.56895581184665E+000    1.13640000000000E+000    6.09406873290962E-002
   5.55276381909548E+000    5.63482282212104E+000    6.03653206008138E+001    4.79435583556954E+006    6.23968206439914E+006    9.83310353826901E+002    1.01361863326835E+000    3.56896447268257E+000    1.13640000000000E+000    6.13898962477927E-002
   5.59547738693467E+000    5.63402578228409E+000    6.09142921035440E+001    4.79432042419932E+006    6.24055173789082E+006    9.83376273664556E+002    1.01362135970355E+000    3.56896927258634E+000    1.13640000000000E+000    6.19440327521291E-002
   5.63819095477387E+000    5.63367954492199E+000    6.15218508039177E+001    4.79471617350988E+006    6.24148735986519E+006    9.83447078629538E+002    1.01361712863048E+000    3.56896182375676E+000    1.13640000000000E+000    6.25573578292085E-002
   5.68090452261306E+000    5.63329632384585E+000    6.21140862755245E+001    4.79507733323248E+006    6.24241846342691E+006    9.83517568364029E+002    1.01362233514738E+000    3.56897098985887E+000    1.13640000000000E+000    6.31550348194027E-002
   5.72361809045226E+000    5.63247909502945E+000    6.26319503547573E+001    4.79501688172241E+006    6.24327752531724E+006    9.83582716073663E+002    1.01362497078690E+000    3.56897562990800E+000    1.13640000000000E+000    6.36773596477742E-002
   5.76633165829146E+000    5.63104779120061E+000    6.30582964863342E+001    4.79435808265627E+006    6.24403301376355E+006    9.83640132694464E+002    1.01362135045028E+000    3.56896925629592E+000    1.13640000000000E+000    6.41070798052942E-002
   5.80904522613065E+000    5.62923862925401E+000    6.34408275453480E+001    4.79333405040046E+006    6.24472964458381E+006    9.83693113499685E+002    1.01362666382575E+000    3.56897861050340E+000    1.13640000000000E+000    6.44924994134041E-002
   5.85175879396985E+000    5.62745269347675E+000    6.38303584327846E+001    4.79233121502515E+006    6.24542914759097E+006    9.83746271004319E+002    1.01362996894511E+000    3.56898442915987E+000    1.13640000000000E+000    6.48849813352983E-002
   5.89447236180905E+000    5.62612232385465E+000    6.42837623012938E+001    4.79176394980196E+006    6.24619532122943E+006    9.83804342594902E+002    1.01362464132123E+000    3.56897504988329E+000    1.13640000000000E+000    6.53420192593760E-002
   5.93718592964824E+000    5.62542042915826E+000    6.48323371185014E+001    4.79180669438116E+006    6.24706553558430E+006    9.83870104516623E+002    1.01363028628669E+000    3.56898498783863E+000    1.13640000000000E+000    6.58952201320861E-002
   5.97989949748744E+000    5.62507533922318E+000    6.54291723598991E+001    4.79219363113397E+006    6.24799183672258E+006    9.83940007535278E+002    1.01363383637824E+000    3.56899123775665E+000    1.13640000000000E+000    6.64971155343058E-002
   6.02261306532663E+000    5.62462684194085E+000    6.60132056702321E+001    4.79247652787824E+006    6.24889699232624E+006    9.84008278636377E+002    1.01363014880343E+000    3.56898474579983E+000    1.13640000000000E+000    6.70860267168811E-002
   6.06532663316583E+000    5.62365824110436E+000    6.65317731502061E+001    4.79225706040633E+006    6.24972116122809E+006    9.84070483082724E+002    1.01363546082795E+000    3.56899409758840E+000    1.13640000000000E+000    6.76087478427226E-002
   6.10804020100502E+000    5.62208348936911E+000    6.69617635611158E+001    4.79144977736456E+006    6.25044707236351E+006    9.84125391800210E+002    1.01363820278240E+000    3.56899892477381E+000    1.13640000000000E+000    6.80419020980915E-002
   6.15075376884422E+000    5.62027477530361E+000    6.73498677309405E+001    4.79041059699657E+006    6.25112836927972E+006    9.84176991817435E+002    1.01363130461397E+000    3.56898678059971E+000    1.13640000000000E+000    6.84326785638106E-002
   6.19346733668342E+000    5.61854092151627E+000    6.77416677896472E+001    4.78944564352605E+006    6.25182407708896E+006    9.84229692330581E+002    1.01363748851395E+000    3.56899766731144E+000    1.13640000000000E+000    6.88270922097870E-002
   6.23618090452261E+000    5.61731600922667E+000    6.81972281995229E+001    4.78897312346646E+006    6.25260110974012E+006    9.84288439217485E+002    1.01364037897084E+000    3.56900275592876E+000    1.13640000000000E+000    6.92858165170975E-002
   6.27889447236181E+000    5.61673348711543E+000    6.87519261009150E+001    4.78911670575500E+006    6.25347473470321E+006    9.84354235157294E+002    1.01363430587844E+000    3.56899206430852E+000    1.13640000000000E+000    6.98446998502819E-002
   6.32160804020100E+000    5.61634363642257E+000    6.93567113093176E+001    4.78945208933685E+006    6.25438820792643E+006    9.84422866290524E+002    1.01363934545129E+000    3.56900093642989E+000    1.13640000000000E+000    7.04541855784656E-002
   6.36432160804020E+000    5.61579985073471E+000    6.99506139949721E+001    4.78963168314843E+006    6.25526942178426E+006    9.84488984208136E+002    1.01363524834119E+000    3.56899372350715E+000    1.13640000000000E+000    7.10527137601608E-002
   6.40703517587940E+000    5.61469883885943E+000    7.04734759909145E+001    4.78927494204063E+006    6.25606646375259E+006    9.84548838334571E+002    1.01364037207378E+000    3.56900274378657E+000    1.13640000000000E+000    7.15794618275362E-002
   6.44974874371859E+000    5.61311071355309E+000    7.09026451608496E+001    4.78844024702206E+006    6.25677592677780E+006    9.84602296842335E+002    1.01363631276922E+000    3.56899559742381E+000    1.13640000000000E+000    7.20114561871708E-002
   6.49246231155779E+000    5.61131664963697E+000    7.12842730634889E+001    4.78740716495506E+006    6.25745292884125E+006    9.84653449771544E+002    1.01364193395648E+000    3.56900549346074E+000    1.13640000000000E+000    7.23952910336403E-002
   6.53517587939698E+000    5.60970285124321E+000    7.16704978069949E+001    4.78654748750946E+006    6.25815642600335E+006    9.84706647980831E+002    1.01364499077433E+000    3.56901087494265E+000    1.13640000000000E+000    7.27836030699674E-002
   6.57788944723618E+000    5.60859641850936E+000    7.21350210248295E+001    4.78617515295385E+006    6.25893719030912E+006    9.84765468359995E+002    1.01363959137632E+000    3.56900136937806E+000    1.13640000000000E+000    7.32509651713940E-002
   6.62060301507538E+000    5.60796420803206E+000    7.27008599797068E+001    4.78626402865271E+006    6.25979965999688E+006    9.84830118920142E+002    1.01364525952749E+000    3.56901134807817E+000    1.13640000000000E+000    7.38207113927656E-002
   6.66331658291457E+000    5.60747273739478E+000    7.33147181135178E+001    4.78648924809747E+006    6.26068734772718E+006    9.84896447534057E+002    1.01364846828610E+000    3.56901699704003E+000    1.13640000000000E+000    7.44390116312026E-002
   6.70603015075377E+000    5.60679475908253E+000    7.39108911049612E+001    4.78652766266400E+006    6.26153818669789E+006    9.84959945420844E+002    1.01364398103147E+000    3.56900909730641E+000    1.13640000000000E+000    7.50394891168710E-002
   6.74874371859296E+000    5.60561902520540E+000    7.44221190884317E+001    4.78608772176823E+006    6.26231345533691E+006    9.85017962983852E+002    1.01364918665540E+000    3.56901826171504E+000    1.13640000000000E+000    7.55540730069424E-002
   6.79145728643216E+000    5.60405539665366E+000    7.48358836538951E+001    4.78526394377290E+006    6.26301316657015E+006    9.85070586171260E+002    1.01364469640237E+000    3.56901035670559E+000    1.13640000000000E+000    7.59700723018893E-002
   6.83417085427136E+000    5.60230979626308E+000    7.52036613180560E+001    4.78426748217697E+006    6.26368734641354E+006    9.85121456613402E+002    1.01365073513926E+000    3.56902098778889E+000    1.13640000000000E+000    7.63394816072600E-002
   6.87688442211055E+000    5.60075259520214E+000    7.55906672306316E+001    4.78344711142673E+006    6.26438339465786E+006    9.85173919822106E+002    1.01364544786759E+000    3.56901167964777E+000    1.13640000000000E+000    7.67282463631204E-002
   6.91959798994975E+000    5.59957680202915E+000    7.60719302042438E+001    4.78299823525391E+006    6.26514697636250E+006    9.85231117238385E+002    1.01365130310918E+000    3.56902198768767E+000    1.13640000000000E+000    7.72122691551545E-002
   6.96231155778894E+000    5.59886818114357E+000    7.66582280590016E+001    4.78300215631747E+006    6.26598946570475E+006    9.85293867033485E+002    1.01365463453944E+000    3.56902785259312E+000    1.13640000000000E+000    7.78024005059563E-002
   7.00502512562814E+000    5.59834255040651E+000    7.72901530120152E+001    4.78317815295649E+006    6.26685662669240E+006    9.85358249029468E+002    1.01365016490457E+000    3.56901998390274E+000    1.13640000000000E+000    7.84386319271619E-002
   7.04773869346734E+000    5.59764062816189E+000    7.78870915259135E+001    4.78318682117583E+006    6.26769976009614E+006    9.85420920031891E+002    1.01365558099152E+000    3.56902951879821E+000    1.13640000000000E+000    7.90394134553109E-002
   7.09045226130653E+000    5.59658324913741E+000    7.83880726281895E+001    4.78284425617988E+006    6.26847375630548E+006    9.85478713696418E+002    1.01365043622101E+000    3.56902046154964E+000    1.13640000000000E+000    7.95431413573255E-002
   7.13316582914573E+000    5.59506755021746E+000    7.87937852506619E+001    4.78205752703101E+006    6.26917205953304E+006    9.85531122404569E+002    1.01365635422167E+000    3.56903088004988E+000    1.13640000000000E+000    7.99505804123316E-002
   7.17587939698492E+000    5.59336153458545E+000    7.91636310130551E+001    4.78108548565018E+006    6.26983838305195E+006    9.85581223944909E+002    1.01365976021542E+000    3.56903687620756E+000    1.13640000000000E+000    8.03217726654664E-002
   7.21859296482412E+000    5.59174840024269E+000    7.95719434658990E+001    4.78019675554511E+006    6.27051341902774E+006    9.85631756638233E+002    1.01365472686929E+000    3.56902801513752E+000    1.13640000000000E+000    8.07319193298934E-002
   7.26130653266332E+000    5.59049112949506E+000    8.00768412780211E+001    4.77965848740372E+006    6.27125732859929E+006    9.85687081267317E+002    1.01366032480285E+000    3.56903787014712E+000    1.13640000000000E+000    8.12396173185762E-002
   7.30402010050251E+000    5.58975712226544E+000    8.06767261693874E+001    4.77962083454919E+006    6.27207923691520E+006    9.85747913108084E+002    1.01365672398558E+000    3.56903153100949E+000    1.13640000000000E+000    8.18431620260924E-002
   7.34673366834171E+000    5.58919656787938E+000    8.12990633016424E+001    4.77975665888224E+006    6.27293651616975E+006    9.85811350212867E+002    1.01366226320984E+000    3.56904128265350E+000    1.13640000000000E+000    8.24691897532803E-002
   7.38944723618090E+000    5.58859692349381E+000    8.18756198834648E+001    4.77984650052198E+006    6.27377413223271E+006    9.85873501755231E+002    1.01365787434615E+000    3.56903355618818E+000    1.13640000000000E+000    8.30488087342797E-002
   7.43216080402010E+000    5.58753753268498E+000    8.23610478517089E+001    4.77949514289989E+006    6.27454184529452E+006    9.85930718613009E+002    1.01366419370231E+000    3.56904468122337E+000    1.13640000000000E+000    8.35363441840752E-002
   7.47487437185930E+000    5.58603345616880E+000    8.27651474060023E+001    4.77870256955003E+006    6.27522354644870E+006    9.85981682093648E+002    1.01365841657429E+000    3.56903451076577E+000    1.13640000000000E+000    8.39418712427371E-002
   7.51758793969849E+000    5.58419191766402E+000    8.31506510758531E+001    4.77758742122042E+006    6.27585976560235E+006    9.86029176749347E+002    1.01366476918579E+000    3.56904569434288E+000    1.13640000000000E+000    8.43287937482506E-002
   7.56030150753769E+000    5.58244718528142E+000    8.35708763334514E+001    4.77655787891655E+006    6.27650307753382E+006    9.86076986888547E+002    1.01365960103912E+000    3.56903659598231E+000    1.13640000000000E+000    8.47508637202352E-002
   7.60301507537688E+000    5.58108099980766E+000    8.40743667227204E+001    4.77590102633559E+006    6.27721799371006E+006    9.86129858493847E+002    1.01366601413721E+000    3.56904788603745E+000    1.13640000000000E+000    8.52568918774353E-002
   7.64572864321608E+000    5.58034277137676E+000    8.46555893157104E+001    4.77584788706645E+006    6.27802716600881E+006    9.86189597841528E+002    1.01366006780697E+000    3.56903741771346E+000    1.13640000000000E+000    8.58410892803940E-002
   7.68844221105528E+000    5.57985412154440E+000    8.52591049560934E+001    4.77603958098628E+006    6.27887978380871E+006    9.86252571756284E+002    1.01366717860475E+000    3.56904993604168E+000    1.13640000000000E+000    8.64475362576413E-002
   7.73115577889447E+000    5.57928105544262E+000    8.58266459672065E+001    4.77614892590886E+006    6.27971656695048E+006    9.86314511443254E+002    1.01367073317201E+000    3.56905619372526E+000    1.13640000000000E+000    8.70175232863786E-002
   7.77386934673367E+000    5.57826782011795E+000    8.63295122433983E+001    4.77582347243434E+006    6.28047209464754E+006    9.86370476299868E+002    1.01366493955300E+000    3.56904599426863E+000    1.13640000000000E+000    8.75224008804914E-002
   7.81658291457286E+000    5.57663859356341E+000    8.67623702771891E+001    4.77490366679847E+006    6.28113409026732E+006    9.86419546799614E+002    1.01367078360912E+000    3.56905628251785E+000    1.13640000000000E+000    8.79568643572453E-002
   7.85929648241206E+000    5.57478224393419E+000    8.71729337391999E+001    4.77375530864868E+006    6.28174989864647E+006    9.86465124114729E+002    1.01366726032429E+000    3.56905007990601E+000    1.13640000000000E+000    8.83689971476999E-002
   7.90201005025126E+000    5.57300296153294E+000    8.76020649733457E+001    4.77268568343530E+006    6.28238463920600E+006    9.86512045661065E+002    1.01367312620005E+000    3.56906040655603E+000    1.13640000000000E+000    8.87997925201646E-002
   7.94472361809045E+000    5.57181072797371E+000    8.80970276087567E+001    4.77218057761857E+006    6.28310696240160E+006    9.86565375405549E+002    1.01366806733500E+000    3.56905150061930E+000    1.13640000000000E+000    8.92966951861072E-002
   7.98743718592965E+000    5.57116298768458E+000    8.86655305028824E+001    4.77220774634772E+006    6.28392302456564E+006    9.86625534539811E+002    1.01367527699640E+000    3.56906419294329E+000    1.13640000000000E+000    8.98674597391587E-002
   8.03015075376884E+000    5.57074823591699E+000    8.92632025254668E+001    4.77246044426794E+006    6.28477631515413E+006    9.86688384360168E+002    1.01367897421328E+000    3.56907070173001E+000    1.13640000000000E+000    9.04674707236478E-002
   8.07286432160804E+000    5.57013731854705E+000    8.98487563316967E+001    4.77251744648188E+006    6.28559264100334E+006    9.86748384316318E+002    1.01367247382268E+000    3.56905925807210E+000    1.13640000000000E+000    9.10553873305297E-002
   8.11557788944724E+000    5.56897936965501E+000    9.03798639845356E+001    4.77204318359271E+006    6.28632226374847E+006    9.86801930731764E+002    1.01367892762989E+000    3.56907061972208E+000    1.13640000000000E+000    9.15886574294745E-002
   8.15829145728643E+000    5.56726162700010E+000    9.08302754419640E+001    4.77102425972386E+006    6.28695962365544E+006    9.86848782113235E+002    1.01368257419710E+000    3.56907703933081E+000    1.13640000000000E+000    9.20407230451866E-002
   8.20100502512563E+000    5.56541183479563E+000    9.12397909419517E+001    4.76986800962805E+006    6.28756200701958E+006    9.86893161665878E+002    1.01367331305540E+000    3.56906073550724E+000    1.13640000000000E+000    9.24515383082994E-002
   8.24371859296482E+000    5.56366557317800E+000    9.16414859062204E+001    4.76881891086376E+006    6.28818847891070E+006    9.86939473963978E+002    1.01368015301013E+000    3.56907277694720E+000    1.13640000000000E+000    9.28542107431861E-002
   8.28643216080402E+000    5.56250800446362E+000    9.21088334709040E+001    4.76833479958041E+006    6.28890106889542E+006    9.86992059088835E+002    1.01367580368360E+000    3.56906512015353E+000    1.13640000000000E+000    9.33227705559622E-002
   8.32914572864322E+000    5.56171607359514E+000    9.26605826255383E+001    4.76821014771776E+006    6.28968259816830E+006    9.87049423545582E+002    1.01368327930350E+000    3.56907828063588E+000    1.13640000000000E+000    9.38763352828798E-002
   8.37185929648241E+000    5.35146395843842E+000    6.67724633573998E+001    4.62764342510431E+006    6.34199067078036E+006    9.91309467645237E+002    1.01368327930350E+000    3.56907828063588E+000    1.13640000000000E+000    6.73578388351436E-002
   8.41457286432161E+000    5.64893693945895E+000    1.23212325755763E+002    4.76014510024649E+006    6.18546531885876E+006    9.78571007999479E+002    7.26473214346917E-001    3.56907828063588E+000    1.13640000000000E+000    1.25910459995795E-001
   8.45728643216080E+000    5.56816282361139E+000    2.06730136200510E+002    4.68287145158642E+006    6.18711907115556E+006    9.77610297402311E+002    4.39263149390332E-001    3.56907828063588E+000    1.13640000000000E+000    2.11464769499493E-001
   8.50000000000000E+000    3.51030248882816E+000    9.47328737230183E+002    2.77213732644806E+006    6.23841276809757E+006    9.47328737230182E+002    1.52053084433746E-001    3.56907828063588E+000    1.13640000000000E+000    1.00000000000000E+000
